//////////////////////////////////////980
//////////////////////////////homogen
HS(4,3) polled = 126
Compressed data: 152, 131, 131, 131, 131, 131, 131, 131, 131, 131, 131, 131, 131, 131, 131, 131, 131, 131, 131, 131, 131, 131, 131, 131, 131, 131, 131, 131, 131, 131, 131, 131, 131, 131, 131, 131, 131, 131, 131, 131, 131, 131, 131, 131, 131, 131, 131, 131, 131, 131, 131, 131, 131, 131, 131, 131, 131, 131, 131, 131, 131, 131, 131, 131, 131, 131, 131, 131, 131, 131, 131, 131, 131, 131, 131, 131, 131, 131, 131, 131, 131, 131, 131, 131, 131, 131, 131, 131, 131, 131, 131, 131, 131, 131, 131, 131, 131, 131, 131, 131, 131, 131, 131, 131, 131, 131, 131, 131, 131, 131, 131, 131, 131, 131, 131, 131, 131, 131, 131, 131, 131, 131, 131, 128, 192, 0, 

HS(5,4) polled = 80
Compressed data: 152, 129, 224, 120, 30, 7, 129, 224, 120, 30, 7, 129, 224, 120, 30, 7, 129, 224, 120, 30, 7, 129, 224, 120, 30, 7, 129, 224, 120, 30, 7, 129, 224, 120, 30, 7, 129, 224, 120, 30, 7, 129, 224, 120, 30, 7, 129, 224, 120, 30, 7, 129, 224, 120, 30, 7, 129, 224, 120, 30, 7, 129, 224, 120, 30, 7, 129, 224, 120, 30, 7, 129, 224, 120, 30, 7, 129, 224, 12, 0, 

HS(6,5) polled = 49
Compressed data: 152, 128, 248, 15, 128, 248, 15, 128, 248, 15, 128, 248, 15, 128, 248, 15, 128, 248, 15, 128, 248, 15, 128, 248, 15, 128, 248, 15, 128, 248, 15, 128, 248, 15, 128, 248, 15, 128, 248, 15, 128, 248, 15, 128, 248, 15, 128, 140, 0, 

HS(7,5) polled = 53
Compressed data: 152, 128, 124, 3, 224, 31, 0, 248, 7, 192, 62, 1, 240, 15, 128, 124, 3, 224, 31, 0, 248, 7, 192, 62, 1, 240, 15, 128, 124, 3, 224, 31, 0, 248, 7, 192, 62, 1, 240, 15, 128, 124, 3, 224, 31, 0, 248, 7, 192, 62, 1, 24, 0, 

HS(8,6) polled = 33
Compressed data: 152, 128, 63, 0, 126, 0, 252, 1, 248, 3, 240, 7, 224, 15, 192, 31, 128, 63, 0, 126, 0, 252, 1, 248, 3, 240, 7, 224, 15, 192, 8, 192, 0, 

//////////////////////////////heterogen
HS(4,3) polled = 947
Compressed data: 158, 75, 236, 150, 155, 180, 248, 184, 138, 65, 105, 178, 79, 107, 146, 43, 29, 190, 217, 108, 176, 220, 46, 118, 90, 252, 201, 102, 65, 99, 81, 185, 220, 231, 183, 139, 117, 230, 105, 53, 154, 94, 111, 39, 55, 27, 196, 214, 203, 55, 67, 186, 93, 103, 51, 139, 197, 158, 203, 57, 184, 89, 45, 22, 27, 36, 214, 227, 51, 187, 89, 44, 118, 107, 61, 162, 102, 9, 56, 181, 93, 111, 22, 59, 116, 230, 237, 100, 178, 77, 173, 214, 215, 27, 24, 13, 186, 239, 100, 185, 77, 231, 54, 43, 29, 218, 199, 116, 178, 93, 172, 147, 59, 173, 206, 237, 57, 184, 218, 173, 119, 169, 173, 174, 105, 117, 155, 93, 174, 150, 139, 13, 174, 109, 113, 186, 93, 239, 22, 171, 189, 222, 195, 98, 177, 89, 173, 211, 155, 20, 214, 233, 51, 187, 93, 108, 243, 59, 197, 142, 213, 112, 184, 77, 109, 115, 139, 29, 226, 218, 35, 52, 178, 28, 176, 221, 109, 179, 105, 165, 182, 105, 107, 180, 88, 110, 183, 43, 52, 218, 233, 122, 184, 222, 102, 119, 123, 181, 206, 221, 122, 177, 77, 236, 55, 137, 173, 194, 241, 50, 176, 221, 174, 86, 91, 173, 134, 205, 53, 181, 93, 238, 151, 105, 156, 226, 101, 118, 187, 90, 44, 150, 59, 12, 218, 221, 55, 189, 77, 166, 87, 155, 141, 138, 199, 118, 181, 77, 231, 23, 91, 44, 218, 109, 107, 184, 206, 46, 55, 171, 21, 134, 219, 103, 177, 219, 237, 150, 203, 13, 194, 231, 101, 144, 35, 200, 45, 54, 234, 228, 138, 125, 60, 178, 90, 110, 210, 11, 29, 178, 195, 115, 185, 207, 90, 110, 22, 27, 117, 150, 217, 45, 177, 91, 236, 151, 153, 2, 140, 182, 99, 53, 174, 72, 167, 212, 203, 125, 202, 203, 109, 144, 90, 110, 23, 59, 169, 77, 146, 223, 108, 105, 144, 92, 237, 55, 73, 5, 134, 219, 101, 186, 75, 36, 22, 91, 154, 85, 154, 205, 101, 185, 24, 219, 236, 119, 91, 149, 201, 6, 202, 146, 131, 44, 144, 92, 236, 182, 73, 5, 186, 203, 32, 183, 220, 172, 55, 75, 77, 190, 65, 100, 178, 219, 44, 182, 235, 77, 210, 65, 115, 41, 17, 185, 32, 203, 164, 214, 235, 21, 206, 225, 59, 158, 75, 236, 150, 155, 180, 248, 184, 138, 65, 105, 178, 79, 107, 146, 43, 29, 190, 217, 108, 176, 220, 46, 118, 90, 252, 201, 102, 65, 99, 81, 185, 220, 231, 168, 55, 11, 13, 186, 203, 108, 150, 216, 237, 246, 199, 155, 133, 206, 203, 32, 71, 144, 90, 109, 213, 201, 20, 250, 121, 100, 180, 221, 164, 22, 59, 101, 134, 231, 115, 158, 180, 220, 44, 54, 235, 45, 178, 91, 98, 183, 217, 47, 50, 5, 25, 108, 198, 107, 92, 145, 79, 169, 150, 251, 149, 150, 219, 32, 180, 220, 46, 119, 82, 155, 37, 190, 216, 211, 32, 185, 218, 110, 146, 11, 13, 182, 203, 116, 150, 72, 44, 183, 52, 171, 53, 154, 203, 114, 49, 183, 216, 238, 183, 43, 146, 13, 149, 37, 6, 89, 32, 185, 217, 108, 146, 11, 117, 150, 203, 115, 105, 176, 217, 172, 214, 91, 145, 141, 190, 199, 117, 185, 92, 144, 108, 169, 40, 51, 57, 148, 210, 101, 32, 158, 75, 236, 150, 155, 180, 248, 184, 138, 65, 105, 178, 79, 107, 146, 43, 29, 190, 217, 108, 176, 220, 46, 118, 90, 252, 201, 102, 65, 99, 81, 185, 220, 231, 183, 139, 117, 230, 105, 53, 154, 94, 111, 39, 55, 27, 196, 214, 203, 55, 67, 186, 93, 103, 51, 139, 197, 158, 203, 57, 184, 89, 45, 22, 27, 36, 214, 227, 51, 187, 89, 44, 118, 107, 61, 162, 102, 9, 56, 181, 93, 111, 22, 59, 116, 230, 237, 100, 178, 77, 173, 214, 215, 27, 24, 13, 186, 239, 100, 185, 77, 231, 54, 43, 29, 218, 199, 116, 178, 93, 172, 147, 59, 173, 206, 237, 57, 184, 218, 173, 119, 169, 173, 174, 105, 117, 155, 93, 174, 150, 139, 13, 174, 109, 113, 186, 93, 239, 22, 171, 189, 222, 195, 98, 177, 89, 173, 211, 155, 20, 214, 233, 51, 187, 93, 103, 146, 251, 37, 166, 237, 62, 46, 34, 144, 90, 108, 147, 218, 228, 138, 199, 111, 182, 91, 44, 55, 11, 157, 150, 191, 50, 89, 144, 88, 212, 110, 119, 57, 237, 226, 221, 121, 154, 77, 102, 151, 155, 201, 205, 198, 241, 53, 178, 205, 208, 238, 151, 89, 204, 226, 241, 103, 178, 206, 110, 22, 75, 69, 134, 201, 53, 184, 204, 238, 214, 75, 29, 154, 207, 104, 153, 130, 78, 45, 87, 91, 197, 142, 221, 57, 187, 89, 44, 147, 107, 117, 181, 198, 198, 3, 110, 187, 217, 46, 83, 121, 205, 138, 199, 118, 177, 221, 44, 151, 107, 36, 206, 235, 115, 187, 78, 110, 54, 171, 93, 234, 107, 107, 154, 93, 102, 215, 107, 165, 162, 195, 107, 155, 92, 110, 151, 123, 197, 170, 239, 119, 176, 216, 172, 86, 107, 116, 230, 197, 53, 186, 76, 238, 215, 89, 228, 190, 201, 105, 187, 79, 139, 136, 164, 22, 155, 36, 246, 185, 34, 177, 219, 237, 150, 203, 13, 194, 231, 101, 175, 204, 150, 100, 22, 53, 27, 157, 206, 123, 120, 183, 94, 102, 147, 89, 165, 230, 242, 115, 113, 188, 77, 108, 179, 116, 59, 165, 214, 115, 56, 188, 89, 224, 0, 

HS(5,4) polled = 917
Compressed data: 158, 75, 236, 150, 155, 180, 248, 86, 16, 164, 22, 155, 36, 246, 185, 34, 177, 219, 237, 150, 203, 13, 194, 231, 101, 175, 204, 139, 25, 5, 140, 161, 185, 220, 231, 183, 139, 117, 230, 105, 53, 154, 94, 111, 35, 141, 198, 241, 53, 178, 205, 200, 59, 165, 214, 115, 56, 188, 89, 236, 179, 155, 133, 146, 209, 97, 178, 77, 110, 51, 59, 181, 146, 199, 102, 179, 218, 38, 96, 36, 226, 213, 117, 188, 88, 237, 211, 148, 134, 201, 54, 183, 91, 78, 27, 24, 3, 110, 187, 217, 46, 83, 121, 205, 138, 199, 118, 177, 221, 44, 139, 12, 206, 235, 115, 187, 78, 110, 54, 171, 93, 234, 107, 107, 154, 93, 102, 215, 107, 165, 162, 195, 107, 155, 92, 110, 151, 123, 197, 170, 239, 119, 176, 216, 172, 86, 107, 116, 230, 197, 53, 186, 76, 238, 215, 91, 60, 206, 241, 99, 181, 92, 46, 19, 91, 92, 226, 199, 120, 182, 132, 51, 75, 32, 226, 96, 221, 109, 179, 105, 165, 182, 105, 107, 180, 88, 110, 183, 43, 52, 218, 233, 122, 184, 222, 102, 119, 123, 181, 206, 221, 122, 177, 77, 236, 55, 137, 173, 194, 241, 50, 176, 221, 174, 86, 91, 173, 134, 205, 53, 181, 93, 238, 151, 105, 156, 226, 101, 118, 187, 90, 44, 150, 59, 12, 218, 221, 55, 189, 77, 166, 87, 155, 141, 138, 199, 118, 181, 77, 231, 23, 91, 44, 218, 109, 107, 184, 206, 46, 55, 171, 21, 134, 219, 103, 177, 219, 237, 150, 203, 13, 194, 231, 101, 144, 17, 22, 155, 117, 114, 69, 62, 158, 89, 45, 55, 100, 133, 1, 185, 220, 231, 166, 141, 194, 195, 110, 178, 219, 37, 182, 43, 125, 146, 243, 32, 40, 101, 179, 25, 171, 229, 76, 183, 220, 172, 182, 217, 5, 166, 225, 115, 186, 138, 54, 75, 125, 176, 209, 144, 92, 237, 55, 73, 5, 134, 219, 101, 186, 75, 36, 22, 91, 153, 37, 102, 179, 89, 110, 67, 13, 190, 199, 117, 185, 92, 136, 21, 70, 64, 64, 176, 55, 59, 45, 146, 65, 110, 178, 168, 55, 43, 13, 210, 211, 111, 144, 89, 44, 182, 203, 45, 186, 210, 200, 170, 54, 224, 134, 228, 64, 203, 164, 214, 235, 21, 206, 225, 59, 158, 75, 236, 150, 155, 180, 248, 86, 16, 164, 22, 155, 36, 246, 185, 34, 177, 219, 237, 150, 203, 13, 194, 231, 101, 175, 204, 139, 25, 5, 140, 161, 185, 220, 212, 43, 133, 134, 221, 101, 182, 75, 90, 117, 132, 135, 180, 219, 155, 25, 244, 242, 201, 105, 187, 36, 40, 13, 206, 231, 61, 52, 110, 22, 27, 117, 150, 217, 45, 177, 91, 236, 151, 153, 1, 67, 45, 152, 205, 95, 42, 101, 190, 229, 101, 182, 200, 45, 55, 11, 157, 212, 81, 178, 91, 237, 134, 140, 130, 231, 105, 186, 72, 44, 54, 219, 45, 210, 89, 32, 178, 220, 201, 43, 53, 154, 203, 114, 24, 109, 246, 59, 173, 202, 228, 64, 170, 50, 2, 5, 129, 185, 217, 108, 146, 11, 117, 149, 239, 121, 166, 115, 41, 164, 202, 65, 60, 151, 217, 45, 55, 105, 240, 172, 33, 72, 45, 54, 73, 237, 114, 69, 99, 183, 219, 45, 150, 27, 133, 206, 203, 95, 153, 22, 50, 11, 25, 67, 115, 185, 207, 111, 22, 235, 204, 210, 107, 52, 188, 222, 71, 27, 141, 226, 107, 101, 155, 144, 119, 75, 172, 230, 113, 120, 179, 217, 103, 55, 11, 37, 162, 195, 100, 154, 220, 102, 119, 107, 37, 142, 205, 103, 180, 76, 192, 73, 197, 170, 235, 120, 177, 219, 167, 41, 13, 146, 109, 110, 182, 156, 54, 48, 6, 221, 119, 178, 92, 166, 243, 155, 21, 142, 237, 99, 186, 89, 22, 25, 157, 214, 231, 118, 156, 220, 109, 86, 187, 212, 214, 215, 52, 186, 205, 174, 215, 75, 69, 134, 215, 54, 184, 221, 46, 247, 139, 85, 222, 239, 97, 177, 88, 172, 214, 233, 205, 138, 107, 116, 153, 221, 174, 179, 201, 125, 146, 211, 118, 159, 10, 194, 20, 130, 211, 100, 158, 215, 36, 86, 59, 125, 178, 217, 97, 184, 92, 236, 181, 249, 145, 99, 32, 177, 148, 55, 59, 156, 246, 241, 110, 188, 205, 38, 179, 75, 205, 228, 113, 184, 222, 38, 182, 89, 185, 7, 116, 186, 206, 103, 23, 139, 61, 150, 115, 112, 178, 90, 44, 54, 73, 173, 198, 103, 118, 178, 88, 236, 214, 123, 68, 204, 4, 156, 90, 174, 183, 139, 29, 186, 114, 144, 217, 38, 214, 235, 105, 195, 99, 0, 109, 215, 123, 37, 202, 111, 57, 177, 88, 238, 214, 59, 165, 145, 97, 153, 221, 110, 119, 105, 205, 198, 213, 107, 189, 77, 109, 115, 75, 172, 218, 237, 116, 180, 88, 109, 115, 107, 141, 210, 239, 120, 181, 93, 238, 246, 27, 21, 138, 205, 110, 156, 216, 166, 183, 73, 157, 218, 235, 60, 151, 217, 45, 55, 105, 240, 172, 33, 72, 45, 54, 73, 237, 114, 69, 99, 183, 219, 45, 150, 27, 133, 206, 203, 95, 153, 22, 50, 11, 25, 67, 115, 185, 207, 111, 22, 235, 204, 210, 107, 52, 188, 222, 71, 27, 141, 226, 107, 101, 155, 144, 119, 75, 172, 230, 113, 120, 179, 192, 0, 

HS(6,5) polled = 905
Compressed data: 158, 75, 236, 150, 155, 180, 248, 41, 130, 10, 65, 105, 178, 79, 107, 146, 43, 29, 190, 217, 108, 176, 220, 46, 118, 90, 252, 200, 88, 100, 22, 49, 65, 185, 220, 231, 183, 139, 117, 230, 105, 53, 154, 94, 111, 33, 195, 113, 188, 77, 108, 179, 113, 3, 186, 93, 103, 51, 139, 197, 158, 203, 57, 184, 89, 45, 22, 27, 36, 214, 227, 51, 187, 89, 44, 118, 107, 61, 162, 102, 0, 147, 139, 85, 214, 241, 99, 183, 78, 73, 6, 201, 54, 183, 91, 71, 6, 198, 0, 54, 235, 189, 146, 229, 55, 156, 216, 172, 119, 107, 29, 210, 200, 88, 51, 59, 173, 206, 237, 57, 184, 218, 173, 119, 169, 173, 174, 105, 117, 155, 93, 174, 150, 139, 13, 174, 109, 113, 186, 93, 239, 22, 171, 189, 222, 195, 98, 177, 89, 156, 134, 197, 53, 186, 76, 238, 215, 91, 60, 206, 241, 99, 181, 92, 46, 9, 3, 56, 177, 222, 45, 160, 131, 52, 178, 7, 8, 192, 221, 109, 179, 105, 165, 182, 105, 107, 100, 27, 173, 202, 205, 54, 186, 94, 174, 55, 153, 157, 222, 237, 115, 183, 94, 172, 83, 123, 13, 226, 107, 112, 188, 76, 172, 55, 107, 149, 150, 235, 97, 179, 77, 109, 87, 123, 165, 218, 103, 56, 153, 93, 174, 214, 139, 37, 142, 195, 54, 183, 77, 239, 83, 105, 149, 230, 227, 98, 177, 221, 173, 83, 121, 197, 214, 203, 54, 155, 90, 238, 51, 139, 139, 48, 216, 109, 182, 123, 29, 190, 217, 108, 176, 220, 46, 118, 89, 0, 132, 90, 109, 213, 201, 20, 250, 121, 100, 180, 221, 137, 4, 128, 110, 119, 57, 232, 208, 220, 44, 54, 235, 45, 178, 91, 98, 183, 217, 47, 50, 1, 65, 150, 204, 102, 167, 197, 76, 183, 220, 172, 182, 213, 65, 94, 27, 168, 80, 217, 28, 132, 104, 100, 23, 59, 77, 210, 65, 97, 182, 217, 110, 146, 201, 5, 150, 230, 36, 86, 107, 53, 150, 228, 24, 54, 251, 29, 214, 228, 160, 32, 66, 36, 34, 2, 96, 55, 59, 45, 146, 65, 110, 178, 148, 13, 202, 195, 116, 180, 219, 219, 6, 203, 108, 178, 219, 154, 8, 168, 109, 192, 131, 114, 16, 25, 116, 154, 221, 98, 185, 220, 39, 115, 201, 125, 146, 211, 118, 159, 5, 48, 65, 72, 45, 54, 73, 237, 114, 69, 99, 183, 219, 45, 150, 27, 130, 112, 215, 230, 66, 195, 32, 177, 138, 13, 206, 230, 80, 87, 11, 13, 186, 203, 108, 150, 154, 57, 96, 136, 61, 166, 220, 108, 46, 202, 165, 182, 43, 125, 146, 243, 32, 20, 25, 108, 198, 106, 124, 84, 203, 125, 202, 203, 109, 84, 21, 225, 186, 133, 13, 145, 200, 70, 134, 65, 115, 180, 221, 36, 22, 27, 109, 150, 233, 44, 144, 89, 110, 98, 69, 102, 179, 89, 110, 65, 131, 111, 177, 221, 110, 74, 2, 4, 34, 66, 32, 38, 3, 115, 178, 217, 36, 22, 235, 41, 235, 76, 230, 83, 73, 148, 130, 121, 47, 178, 90, 110, 211, 224, 166, 8, 41, 5, 166, 201, 61, 174, 72, 172, 118, 251, 101, 178, 195, 112, 122, 26, 252, 200, 88, 84, 132, 80, 110, 119, 57, 237, 226, 221, 121, 154, 77, 102, 151, 155, 200, 112, 220, 111, 19, 91, 44, 220, 64, 238, 151, 89, 204, 226, 241, 103, 178, 206, 110, 22, 75, 69, 134, 201, 53, 184, 204, 238, 214, 75, 29, 154, 207, 104, 153, 128, 36, 226, 213, 117, 188, 88, 237, 211, 146, 65, 178, 77, 173, 214, 209, 193, 177, 128, 13, 186, 239, 100, 185, 77, 231, 54, 43, 29, 218, 199, 116, 178, 22, 12, 206, 235, 115, 187, 78, 110, 54, 171, 93, 234, 107, 107, 154, 93, 102, 215, 107, 165, 162, 195, 107, 155, 92, 110, 151, 123, 197, 170, 239, 119, 176, 216, 172, 86, 103, 33, 177, 77, 110, 147, 59, 181, 214, 121, 47, 178, 90, 110, 211, 224, 166, 8, 41, 5, 166, 201, 61, 174, 72, 172, 118, 251, 101, 178, 195, 112, 185, 217, 107, 243, 33, 97, 144, 88, 197, 6, 231, 115, 158, 222, 45, 215, 153, 164, 214, 105, 121, 188, 135, 13, 198, 241, 53, 178, 205, 196, 14, 233, 117, 156, 206, 47, 22, 123, 44, 230, 225, 100, 180, 88, 108, 147, 91, 140, 206, 237, 100, 177, 217, 172, 246, 137, 152, 2, 78, 45, 87, 91, 197, 142, 221, 57, 36, 27, 36, 218, 221, 109, 28, 27, 24, 0, 219, 174, 246, 75, 148, 222, 115, 98, 177, 221, 172, 119, 75, 33, 96, 204, 238, 183, 59, 180, 230, 227, 106, 181, 222, 166, 182, 185, 165, 214, 109, 118, 186, 90, 44, 54, 185, 181, 198, 233, 119, 188, 90, 174, 247, 123, 13, 138, 197, 102, 114, 27, 20, 214, 233, 51, 187, 93, 103, 146, 251, 37, 166, 237, 62, 10, 96, 130, 144, 90, 108, 147, 218, 228, 138, 199, 111, 182, 91, 44, 55, 11, 157, 150, 191, 50, 22, 25, 5, 140, 80, 110, 119, 57, 237, 226, 221, 121, 154, 77, 102, 151, 155, 200, 112, 220, 111, 19, 91, 44, 220, 64, 238, 151, 89, 204, 226, 241, 103, 128, 0, 

HS(7,5) polled = 895
Compressed data: 158, 75, 236, 150, 155, 180, 248, 20, 192, 130, 144, 90, 108, 147, 218, 228, 138, 199, 111, 182, 91, 44, 55, 11, 157, 150, 191, 50, 11, 12, 130, 198, 20, 27, 157, 206, 123, 120, 183, 94, 102, 147, 89, 165, 230, 242, 14, 27, 141, 226, 107, 101, 155, 132, 14, 233, 117, 156, 206, 47, 22, 123, 44, 230, 225, 100, 180, 88, 108, 147, 91, 140, 206, 237, 100, 177, 217, 172, 246, 137, 152, 1, 39, 22, 171, 173, 226, 199, 110, 156, 137, 6, 201, 54, 183, 91, 67, 131, 99, 0, 13, 186, 239, 100, 185, 77, 231, 54, 43, 29, 218, 199, 116, 178, 11, 6, 103, 117, 185, 221, 167, 55, 27, 85, 174, 245, 53, 181, 205, 46, 179, 107, 181, 209, 4, 54, 185, 181, 198, 233, 119, 188, 90, 174, 247, 123, 13, 138, 197, 102, 57, 13, 138, 107, 116, 80, 13, 214, 207, 51, 69, 13, 170, 225, 112, 36, 12, 226, 199, 120, 182, 129, 6, 105, 100, 7, 8, 96, 110, 182, 217, 180, 210, 219, 52, 181, 153, 6, 235, 114, 179, 77, 174, 151, 171, 141, 230, 103, 119, 187, 92, 237, 215, 171, 20, 222, 195, 120, 154, 220, 47, 19, 43, 13, 218, 229, 101, 186, 216, 108, 211, 84, 160, 221, 46, 211, 57, 196, 202, 237, 118, 180, 89, 44, 118, 25, 181, 186, 111, 122, 155, 76, 175, 55, 23, 241, 90, 166, 243, 139, 173, 150, 109, 54, 181, 220, 103, 23, 19, 48, 216, 109, 182, 123, 29, 190, 217, 108, 176, 220, 46, 118, 89, 0, 66, 45, 54, 234, 228, 138, 125, 60, 178, 90, 110, 194, 65, 16, 13, 206, 231, 61, 13, 13, 194, 195, 110, 178, 219, 37, 182, 43, 125, 146, 243, 32, 10, 12, 182, 99, 53, 31, 21, 50, 222, 204, 27, 105, 80, 75, 195, 117, 5, 13, 144, 228, 33, 161, 144, 92, 237, 55, 73, 2, 120, 108, 183, 73, 100, 130, 203, 115, 9, 21, 154, 205, 101, 185, 3, 6, 223, 99, 186, 220, 138, 2, 2, 16, 144, 132, 4, 96, 43, 129, 178, 72, 18, 66, 40, 27, 149, 134, 233, 105, 183, 155, 5, 76, 54, 91, 113, 160, 133, 67, 110, 2, 13, 200, 32, 50, 233, 53, 186, 197, 115, 184, 78, 231, 146, 247, 161, 63, 132, 20, 160, 130, 100, 13, 146, 122, 224, 27, 27, 24, 109, 150, 22, 208, 217, 107, 243, 32, 176, 165, 132, 40, 55, 59, 152, 160, 174, 22, 20, 208, 219, 37, 163, 71, 22, 8, 65, 237, 54, 225, 176, 157, 148, 165, 182, 43, 125, 146, 243, 32, 10, 12, 182, 99, 53, 31, 21, 50, 223, 114, 178, 219, 74, 130, 94, 27, 168, 40, 108, 135, 33, 13, 12, 130, 231, 105, 186, 72, 44, 54, 219, 45, 210, 89, 32, 178, 220, 194, 69, 102, 179, 89, 110, 64, 193, 183, 216, 238, 183, 34, 128, 128, 132, 36, 33, 1, 24, 10, 224, 108, 146, 4, 144, 143, 90, 103, 50, 154, 76, 164, 19, 201, 123, 184, 159, 2, 10, 80, 65, 48, 134, 200, 254, 43, 27, 0, 109, 150, 22, 160, 217, 107, 243, 32, 176, 148, 132, 40, 55, 59, 156, 246, 241, 110, 188, 205, 38, 179, 75, 205, 228, 28, 55, 27, 196, 214, 203, 55, 8, 29, 210, 235, 57, 156, 94, 44, 246, 89, 205, 194, 201, 104, 176, 217, 38, 183, 25, 157, 218, 201, 99, 179, 89, 237, 19, 48, 2, 78, 45, 87, 91, 197, 142, 221, 57, 18, 13, 146, 109, 110, 182, 135, 6, 198, 0, 27, 117, 222, 201, 114, 155, 206, 108, 86, 59, 181, 142, 233, 100, 22, 12, 206, 235, 115, 187, 78, 110, 54, 171, 93, 234, 107, 107, 154, 93, 102, 215, 107, 162, 8, 109, 115, 107, 141, 210, 239, 120, 181, 93, 238, 246, 27, 21, 138, 204, 114, 27, 20, 214, 232, 160, 27, 172, 242, 95, 100, 180, 221, 167, 192, 166, 4, 20, 130, 211, 100, 158, 215, 36, 86, 59, 125, 178, 217, 97, 184, 92, 236, 181, 249, 144, 88, 100, 22, 48, 160, 220, 238, 115, 219, 197, 186, 243, 52, 154, 205, 47, 55, 144, 112, 220, 111, 19, 91, 44, 220, 32, 119, 75, 172, 230, 113, 120, 179, 217, 103, 55, 11, 34, 224, 108, 147, 91, 138, 104, 108, 150, 59, 53, 158, 209, 51, 0, 36, 226, 213, 117, 188, 88, 217, 2, 36, 27, 36, 218, 221, 109, 14, 13, 140, 0, 54, 235, 189, 146, 229, 55, 117, 13, 142, 237, 99, 186, 89, 5, 131, 51, 186, 220, 238, 211, 155, 141, 170, 215, 122, 154, 218, 230, 151, 89, 181, 218, 232, 130, 27, 92, 218, 227, 116, 187, 222, 45, 87, 123, 189, 134, 197, 98, 179, 28, 134, 197, 53, 186, 40, 6, 235, 60, 151, 217, 45, 55, 105, 240, 41, 129, 5, 32, 180, 217, 39, 181, 201, 21, 142, 223, 108, 182, 88, 110, 23, 59, 45, 126, 100, 22, 25, 5, 140, 40, 55, 59, 156, 246, 241, 110, 188, 205, 38, 179, 75, 205, 228, 28, 55, 27, 196, 214, 203, 55, 8, 29, 210, 235, 57, 156, 94, 44, 240, 0, 

HS(8,6) polled = 
Compressed data: 158, 75, 236, 150, 155, 180, 248, 10, 48, 16, 41, 5, 166, 201, 61, 174, 72, 172, 118, 251, 101, 178, 195, 112, 185, 217, 107, 243, 32, 88, 50, 11, 24, 40, 27, 157, 206, 123, 120, 183, 94, 102, 147, 89, 165, 230, 242, 7, 6, 227, 120, 154, 217, 102, 224, 128, 238, 151, 89, 204, 226, 241, 103, 178, 206, 110, 22, 75, 69, 134, 201, 53, 184, 204, 238, 214, 75, 29, 154, 207, 104, 153, 128, 4, 156, 90, 174, 183, 139, 29, 186, 114, 18, 6, 201, 54, 183, 91, 65, 192, 216, 192, 0, 219, 174, 246, 75, 148, 222, 115, 98, 177, 221, 172, 119, 75, 32, 88, 25, 157, 214, 231, 118, 156, 220, 109, 86, 187, 212, 214, 215, 52, 186, 205, 174, 215, 66, 8, 54, 185, 181, 198, 233, 119, 188, 90, 174, 247, 123, 13, 138, 197, 102, 28, 131, 98, 154, 221, 10, 0, 221, 108, 243, 50, 40, 54, 171, 133, 192, 72, 12, 226, 199, 120, 182, 128, 129, 154, 89, 0, 224, 131, 1, 186, 219, 102, 211, 75, 108, 210, 214, 50, 6, 235, 114, 179, 77, 174, 151, 171, 141, 230, 103, 119, 187, 92, 237, 215, 171, 20, 222, 194, 153, 6, 225, 120, 153, 88, 110, 215, 43, 45, 214, 195, 102, 154, 146, 129, 186, 93, 144, 224, 204, 174, 215, 107, 66, 92, 27, 10, 20, 25, 189, 234, 109, 50, 188, 220, 79, 225, 90, 166, 243, 139, 173, 150, 109, 54, 181, 220, 103, 23, 17, 152, 54, 27, 109, 157, 216, 59, 160, 16, 64, 246, 155, 115, 216, 25, 244, 242, 201, 105, 187, 62, 198, 6, 131, 112, 176, 219, 172, 182, 201, 109, 138, 223, 100, 188, 200, 1, 64, 203, 102, 51, 80, 248, 84, 203, 121, 152, 27, 104, 168, 17, 120, 40, 224, 100, 22, 65, 200, 32, 208, 100, 23, 59, 77, 210, 64, 79, 6, 203, 116, 150, 72, 44, 183, 48, 72, 86, 107, 53, 150, 228, 6, 6, 223, 99, 82, 130, 40, 4, 2, 8, 36, 16, 64, 33, 128, 75, 128, 217, 36, 4, 144, 66, 128, 220, 172, 55, 75, 77, 188, 108, 9, 76, 27, 45, 184, 104, 16, 84, 27, 112, 8, 27, 144, 32, 25, 116, 154, 221, 98, 185, 220, 39, 115, 201, 121, 232, 35, 248, 32, 81, 80, 161, 218, 108, 136, 32, 147, 163, 215, 230, 64, 176, 82, 231, 48, 127, 96, 226, 30, 90, 103, 50, 154, 76, 164, 11, 234, 47, 22, 235, 204, 210, 107, 52, 188, 222, 64, 224, 220, 111, 19, 91, 44, 220, 16, 29, 210, 235, 57, 156, 94, 44, 246, 89, 205, 194, 201, 104, 176, 217, 38, 183, 25, 157, 218, 201, 99, 179, 89, 237, 19, 48, 0, 147, 139, 85, 214, 241, 99, 183, 78, 66, 64, 217, 38, 214, 235, 104, 56, 27, 24, 0, 27, 117, 222, 201, 114, 155, 206, 108, 86, 59, 181, 142, 233, 100, 11, 3, 51, 186, 220, 238, 211, 155, 141, 170, 215, 122, 154, 218, 230, 151, 89, 181, 218, 232, 65, 6, 215, 54, 184, 221, 46, 247, 139, 85, 222, 239, 97, 177, 88, 172, 195, 144, 108, 83, 91, 161, 64, 27, 170, 123, 244, 247, 233, 239, 211, 208, 64, 0, 
