
////////////////////////////////////1345
//////////////////////////////homogen
HS(4,3)
Compressed data: 152, 131, 131, 131, 131, 131, 131, 131, 131, 131, 131, 131, 131, 131, 131, 131, 131, 131, 131, 131, 131, 131, 131, 131, 131, 131, 131, 131, 131, 131, 131, 131, 131, 131, 131, 131, 131, 131, 131, 131, 131, 131, 131, 131, 131, 131, 131, 131, 131, 131, 131, 131, 131, 131, 131, 131, 131, 131, 131, 131, 131, 131, 131, 131, 131, 131, 131, 131, 131, 131, 131, 131, 131, 131, 131, 131, 131, 131, 131, 131, 131, 131, 131, 131, 131, 131, 131, 131, 131, 131, 131, 131, 131, 131, 131, 131, 131, 131, 131, 131, 131, 131, 131, 131, 131, 129, 192, 1, 193, 193, 193, 193, 193, 193, 193, 193, 193, 193, 193, 193, 193, 193, 193, 193, 193, 193, 193, 193, 193, 193, 193, 193, 193, 193, 193, 193, 193, 193, 193, 193, 193, 193, 193, 193, 193, 193, 193, 193, 193, 193, 193, 193, 193, 193, 193, 193, 193, 193, 193, 193, 193, 193, 193, 193, 193, 193, 193, 193, 193, 193, 192, 128, 

HS(5,4)
Compressed data: 152, 129, 224, 120, 30, 7, 129, 224, 120, 30, 7, 129, 224, 120, 30, 7, 129, 224, 120, 30, 7, 129, 224, 120, 30, 7, 129, 224, 120, 30, 7, 129, 224, 120, 30, 7, 129, 224, 120, 30, 7, 129, 224, 120, 30, 7, 129, 224, 120, 30, 7, 129, 224, 120, 30, 7, 129, 224, 120, 7, 0, 3, 192, 240, 60, 15, 3, 192, 240, 60, 15, 3, 192, 240, 60, 15, 3, 192, 240, 60, 15, 3, 192, 240, 60, 15, 3, 192, 240, 60, 15, 3, 192, 240, 60, 15, 3, 192, 240, 60, 15, 3, 192, 240, 60, 15, 3, 192, 160, 

HS(6,5)
Compressed data: 152, 128, 248, 15, 128, 248, 15, 128, 248, 15, 128, 248, 15, 128, 248, 15, 128, 248, 15, 128, 248, 15, 128, 248, 15, 128, 248, 1, 192, 0, 124, 7, 192, 124, 7, 192, 124, 7, 192, 124, 7, 192, 124, 7, 192, 124, 7, 192, 124, 7, 192, 124, 7, 192, 124, 7, 192, 124, 7, 192, 124, 7, 192, 124, 7, 192, 104, 

HS(7,5)

HS(8,6)

//////////////////////////////heterogen
HS(4,3)
Compressed data: 158, 75, 236, 150, 155, 180, 248, 184, 138, 65, 105, 178, 79, 107, 146, 43, 29, 190, 217, 108, 176, 220, 46, 118, 90, 252, 201, 102, 65, 99, 81, 185, 220, 231, 183, 139, 117, 230, 105, 53, 154, 94, 111, 39, 55, 27, 196, 214, 203, 55, 67, 186, 93, 103, 51, 139, 197, 158, 203, 57, 184, 89, 45, 22, 27, 36, 214, 227, 51, 187, 89, 44, 118, 107, 61, 162, 102, 9, 56, 181, 93, 92, 108, 147, 107, 117, 181, 70, 198, 3, 110, 187, 217, 46, 83, 121, 205, 138, 199, 118, 177, 221, 44, 151, 107, 36, 206, 235, 115, 187, 78, 110, 54, 171, 93, 234, 107, 107, 154, 93, 102, 215, 107, 165, 162, 195, 112, 181, 205, 174, 55, 75, 189, 226, 213, 119, 187, 216, 108, 86, 43, 53, 186, 115, 98, 154, 221, 38, 119, 107, 173, 158, 103, 120, 177, 218, 174, 23, 9, 173, 174, 113, 99, 188, 91, 68, 102, 150, 67, 150, 27, 173, 182, 109, 52, 182, 205, 45, 118, 139, 13, 214, 229, 102, 155, 93, 47, 87, 27, 204, 206, 239, 118, 185, 219, 175, 86, 41, 189, 134, 241, 53, 184, 94, 38, 86, 27, 181, 202, 203, 117, 176, 217, 166, 182, 171, 189, 210, 237, 51, 156, 76, 174, 215, 107, 69, 146, 199, 97, 155, 91, 166, 247, 169, 180, 202, 243, 113, 177, 88, 238, 214, 169, 188, 226, 235, 101, 155, 77, 173, 119, 25, 197, 198, 245, 98, 176, 219, 108, 246, 59, 125, 178, 217, 97, 184, 92, 236, 178, 4, 121, 5, 166, 221, 92, 145, 79, 167, 150, 75, 77, 218, 65, 99, 182, 88, 110, 119, 57, 235, 77, 194, 195, 110, 178, 219, 37, 182, 43, 125, 146, 243, 32, 81, 150, 204, 102, 181, 201, 20, 250, 153, 111, 185, 89, 109, 178, 11, 77, 194, 231, 117, 41, 178, 91, 237, 141, 50, 11, 157, 166, 233, 32, 176, 219, 108, 183, 73, 100, 130, 203, 115, 74, 179, 89, 172, 183, 35, 27, 125, 142, 235, 114, 185, 32, 217, 82, 80, 101, 146, 11, 157, 150, 201, 32, 183, 89, 100, 22, 251, 149, 134, 233, 105, 183, 200, 44, 150, 91, 101, 150, 221, 105, 186, 72, 46, 101, 34, 55, 36, 25, 116, 154, 221, 98, 185, 220, 39, 115, 201, 125, 146, 211, 118, 159, 23, 17, 72, 45, 54, 73, 237, 114, 69, 99, 183, 219, 45, 150, 27, 133, 206, 203, 95, 153, 44, 200, 44, 106, 55, 59, 156, 245, 6, 225, 97, 183, 89, 109, 146, 219, 29, 190, 216, 243, 112, 185, 217, 100, 8, 242, 11, 77, 186, 185, 34, 159, 79, 44, 150, 155, 180, 130, 199, 108, 176, 220, 238, 115, 214, 155, 133, 134, 221, 101, 182, 75, 108, 86, 251, 37, 230, 64, 163, 45, 152, 205, 107, 146, 41, 245, 50, 223, 114, 178, 219, 100, 22, 155, 133, 206, 234, 83, 100, 183, 219, 26, 100, 23, 59, 77, 210, 65, 97, 182, 217, 110, 146, 201, 5, 150, 230, 149, 102, 179, 89, 110, 70, 54, 251, 29, 214, 229, 114, 65, 178, 164, 160, 203, 36, 23, 59, 45, 146, 65, 110, 178, 217, 110, 109, 54, 27, 53, 154, 203, 114, 49, 183, 216, 238, 183, 43, 146, 13, 149, 37, 6, 103, 50, 154, 76, 164, 19, 201, 125, 146, 211, 118, 159, 23, 17, 72, 45, 54, 73, 237, 114, 69, 99, 183, 219, 45, 150, 27, 133, 206, 203, 95, 153, 44, 200, 44, 106, 55, 59, 156, 246, 241, 110, 188, 205, 38, 179, 75, 205, 228, 230, 227, 120, 154, 217, 102, 232, 119, 75, 172, 230, 113, 120, 179, 217, 103, 55, 11, 37, 162, 195, 100, 154, 220, 102, 119, 107, 37, 142, 205, 103, 180, 76, 193, 39, 22, 171, 173, 226, 199, 110, 156, 221, 172, 150, 73, 181, 186, 218, 227, 99, 1, 183, 93, 236, 151, 41, 188, 230, 197, 99, 187, 88, 238, 150, 75, 181, 146, 103, 117, 185, 221, 167, 55, 27, 85, 174, 245, 53, 181, 205, 46, 179, 107, 181, 210, 209, 97, 181, 205, 174, 55, 75, 189, 226, 213, 119, 187, 216, 108, 86, 43, 53, 186, 115, 98, 154, 221, 38, 119, 107, 172, 242, 95, 100, 180, 221, 167, 197, 196, 82, 11, 77, 146, 123, 92, 145, 88, 237, 246, 203, 101, 134, 225, 115, 178, 215, 230, 75, 50, 11, 26, 141, 206, 231, 61, 188, 91, 175, 51, 73, 172, 210, 243, 121, 57, 184, 222, 38, 182, 89, 186, 29, 210, 235, 57, 156, 94, 44, 246, 89, 205, 194, 201, 104, 176, 217, 38, 183, 25, 157, 218, 201, 99, 179, 89, 237, 19, 48, 73, 197, 170, 235, 120, 177, 219, 167, 55, 107, 37, 146, 109, 110, 182, 184, 216, 192, 109, 215, 123, 37, 202, 111, 57, 177, 88, 238, 214, 59, 165, 146, 237, 100, 153, 221, 110, 119, 105, 205, 198, 213, 107, 189, 77, 109, 115, 75, 172, 218, 237, 116, 180, 88, 109, 115, 107, 141, 210, 239, 120, 181, 93, 238, 246, 27, 21, 138, 205, 110, 156, 216, 166, 183, 73, 157, 218, 235, 60, 151, 217, 45, 55, 105, 241, 113, 20, 130, 211, 100, 158, 215, 36, 86, 59, 125, 178, 217, 97, 184, 92, 236, 181, 249, 146, 204, 130, 198, 163, 115, 185, 207, 111, 22, 235, 204, 210, 107, 52, 188, 222, 78, 110, 55, 137, 173, 150, 110, 135, 116, 186, 206, 103, 23, 139, 61, 150, 65, 60, 151, 217, 45, 55, 105, 241, 113, 11, 187, 181, 218, 65, 105, 178, 79, 107, 146, 43, 29, 190, 217, 108, 176, 220, 46, 118, 90, 252, 201, 102, 65, 99, 81, 185, 220, 231, 183, 139, 117, 230, 105, 53, 154, 94, 111, 39, 55, 27, 196, 214, 203, 55, 67, 186, 93, 103, 51, 139, 197, 158, 203, 57, 184, 89, 45, 22, 27, 36, 214, 227, 51, 187, 89, 44, 118, 107, 61, 162, 102, 9, 56, 181, 93, 111, 22, 59, 116, 230, 237, 100, 178, 77, 173, 214, 215, 27, 24, 13, 186, 239, 100, 185, 77, 231, 54, 43, 29, 218, 199, 116, 178, 93, 172, 147, 59, 173, 206, 237, 57, 184, 218, 173, 119, 169, 173, 174, 105, 117, 155, 93, 174, 150, 139, 13, 174, 109, 113, 186, 93, 239, 22, 171, 189, 222, 195, 98, 177, 79, 37, 246, 75, 77, 218, 124, 92, 69, 32, 180, 217, 39, 181, 201, 21, 142, 223, 108, 182, 88, 110, 23, 59, 45, 126, 100, 179, 32, 177, 168, 220, 238, 115, 219, 197, 186, 243, 52, 154, 205, 47, 55, 147, 155, 141, 226, 107, 101, 155, 161, 221, 46, 179, 153, 197, 226, 207, 101, 156, 220, 44, 150, 139, 13, 146, 107, 113, 153, 221, 172, 150, 59, 53, 158, 209, 51, 4, 156, 90, 174, 183, 139, 29, 186, 115, 118, 178, 89, 38, 214, 235, 107, 141, 140, 6, 221, 119, 178, 92, 166, 243, 155, 21, 142, 237, 99, 186, 89, 46, 214, 73, 157, 214, 231, 118, 156, 220, 109, 86, 187, 212, 214, 215, 52, 186, 205, 174, 215, 75, 69, 134, 215, 54, 184, 221, 46, 247, 139, 85, 222, 239, 97, 177, 88, 166, 96, 51, 201, 125, 146, 211, 118, 159, 23, 17, 72, 45, 54, 73, 237, 114, 69, 99, 183, 219, 45, 150, 27, 133, 206, 203, 95, 153, 44, 200, 44, 106, 55, 59, 156, 246, 241, 110, 188, 205, 38, 179, 75, 204, 0, 

HS(5,4)
Compressed data: 158, 75, 236, 150, 155, 180, 248, 86, 16, 164, 22, 155, 36, 246, 185, 34, 177, 219, 237, 150, 203, 13, 194, 231, 101, 175, 204, 139, 25, 5, 140, 161, 185, 220, 231, 183, 139, 117, 230, 105, 53, 154, 94, 111, 35, 141, 198, 241, 53, 178, 205, 200, 59, 165, 214, 115, 56, 188, 89, 236, 179, 155, 133, 146, 209, 97, 178, 77, 110, 51, 59, 181, 146, 199, 102, 179, 218, 38, 96, 36, 226, 213, 117, 56, 108, 147, 107, 117, 180, 161, 177, 128, 54, 235, 189, 146, 229, 55, 156, 216, 172, 119, 107, 29, 210, 200, 176, 204, 238, 183, 59, 180, 230, 227, 106, 181, 222, 166, 182, 185, 165, 214, 109, 118, 186, 90, 44, 55, 11, 92, 218, 227, 116, 187, 222, 45, 87, 123, 189, 134, 197, 98, 179, 91, 167, 54, 41, 173, 210, 103, 118, 186, 217, 230, 119, 139, 29, 170, 225, 112, 154, 218, 231, 22, 59, 197, 180, 33, 154, 89, 7, 19, 6, 235, 109, 155, 77, 45, 179, 75, 93, 162, 195, 117, 185, 89, 166, 215, 75, 213, 198, 243, 51, 187, 221, 174, 118, 235, 213, 138, 111, 97, 188, 77, 110, 23, 137, 149, 134, 237, 114, 178, 221, 108, 54, 105, 173, 170, 239, 116, 187, 76, 231, 19, 43, 181, 218, 209, 100, 177, 216, 102, 214, 233, 189, 234, 109, 50, 188, 220, 108, 86, 59, 181, 170, 111, 56, 186, 217, 102, 211, 107, 93, 198, 113, 113, 189, 88, 172, 54, 219, 61, 142, 223, 108, 182, 88, 110, 23, 59, 44, 128, 136, 180, 219, 171, 146, 41, 244, 242, 201, 105, 187, 36, 40, 13, 206, 231, 61, 52, 110, 22, 27, 117, 150, 217, 45, 177, 91, 236, 151, 153, 1, 67, 45, 152, 205, 95, 42, 101, 190, 229, 101, 182, 200, 45, 55, 11, 157, 212, 81, 178, 91, 237, 134, 140, 130, 231, 105, 186, 72, 44, 54, 219, 45, 210, 89, 32, 178, 220, 201, 43, 53, 154, 203, 114, 24, 109, 246, 59, 173, 202, 228, 64, 170, 50, 2, 5, 129, 185, 217, 108, 146, 11, 117, 149, 65, 185, 88, 110, 150, 155, 124, 130, 201, 101, 182, 89, 109, 214, 150, 69, 81, 183, 4, 55, 34, 6, 93, 38, 183, 88, 174, 119, 9, 220, 242, 95, 100, 180, 221, 167, 194, 176, 133, 32, 180, 217, 39, 181, 201, 21, 142, 223, 108, 182, 88, 110, 23, 59, 45, 126, 100, 88, 200, 44, 101, 13, 206, 230, 161, 92, 44, 54, 235, 45, 178, 90, 211, 172, 36, 61, 166, 220, 216, 207, 167, 150, 75, 77, 217, 33, 64, 110, 119, 57, 233, 163, 112, 176, 219, 172, 182, 201, 109, 138, 223, 100, 188, 200, 10, 25, 108, 198, 106, 249, 83, 45, 247, 43, 45, 182, 65, 105, 184, 92, 238, 162, 141, 146, 223, 108, 52, 100, 23, 59, 77, 210, 65, 97, 182, 217, 110, 146, 201, 5, 150, 230, 73, 89, 172, 214, 91, 144, 195, 111, 177, 221, 110, 87, 34, 5, 81, 144, 16, 44, 13, 206, 203, 100, 144, 91, 172, 175, 123, 205, 51, 153, 77, 38, 82, 9, 228, 190, 201, 105, 187, 79, 133, 97, 10, 65, 105, 178, 79, 107, 146, 43, 29, 190, 217, 108, 176, 220, 46, 118, 90, 252, 200, 177, 144, 88, 202, 27, 157, 206, 123, 120, 183, 94, 102, 147, 89, 165, 230, 242, 56, 220, 111, 19, 91, 44, 220, 131, 186, 93, 103, 51, 139, 197, 158, 203, 57, 184, 89, 45, 22, 27, 36, 214, 227, 51, 187, 89, 44, 118, 107, 61, 162, 102, 2, 78, 45, 87, 91, 197, 142, 221, 57, 72, 108, 147, 107, 117, 180, 225, 177, 128, 54, 235, 189, 146, 229, 55, 156, 216, 172, 119, 107, 29, 210, 200, 176, 204, 238, 183, 59, 180, 230, 227, 106, 181, 222, 166, 182, 185, 165, 214, 109, 118, 186, 90, 44, 54, 185, 181, 198, 233, 119, 188, 90, 174, 247, 123, 13, 138, 197, 102, 183, 78, 108, 83, 91, 164, 206, 237, 117, 158, 75, 236, 150, 155, 180, 248, 86, 16, 164, 22, 155, 36, 246, 185, 34, 177, 219, 237, 150, 203, 13, 194, 231, 101, 175, 204, 139, 25, 5, 140, 161, 185, 220, 231, 183, 139, 117, 230, 105, 53, 154, 94, 111, 35, 141, 198, 241, 53, 178, 205, 200, 59, 165, 214, 115, 56, 188, 89, 236, 179, 155, 133, 146, 209, 97, 178, 77, 110, 51, 59, 181, 146, 199, 102, 179, 218, 38, 96, 36, 226, 213, 117, 188, 88, 237, 211, 148, 134, 201, 54, 183, 91, 78, 27, 24, 3, 110, 187, 217, 46, 83, 121, 205, 138, 199, 118, 177, 221, 44, 139, 12, 206, 235, 115, 187, 78, 110, 54, 171, 93, 234, 107, 107, 154, 93, 102, 215, 107, 165, 162, 195, 107, 155, 92, 110, 151, 123, 197, 170, 239, 119, 176, 216, 172, 86, 107, 116, 230, 197, 53, 186, 76, 238, 215, 89, 228, 190, 201, 105, 187, 79, 133, 97, 10, 65, 105, 178, 79, 107, 146, 43, 29, 190, 217, 108, 176, 220, 46, 118, 90, 252, 200, 177, 144, 88, 202, 27, 157, 206, 123, 120, 183, 94, 102, 147, 89, 165, 230, 242, 56, 220, 111, 19, 91, 44, 220, 131, 186, 93, 103, 51, 139, 197, 158, 203, 32, 158, 75, 236, 150, 155, 180, 248, 86, 16, 78, 235, 180, 130, 211, 100, 158, 215, 36, 86, 59, 125, 178, 217, 97, 184, 92, 236, 181, 249, 145, 99, 32, 177, 148, 55, 59, 156, 246, 241, 110, 188, 205, 38, 179, 75, 205, 228, 113, 184, 222, 38, 182, 89, 185, 7, 116, 186, 206, 103, 23, 139, 61, 150, 115, 112, 178, 90, 44, 54, 73, 173, 198, 103, 118, 178, 88, 236, 214, 123, 68, 204, 4, 156, 90, 174, 183, 139, 29, 186, 114, 144, 217, 38, 214, 235, 105, 195, 99, 0, 109, 215, 123, 37, 202, 111, 57, 177, 88, 238, 214, 59, 165, 145, 97, 153, 221, 110, 119, 105, 205, 198, 213, 107, 189, 77, 109, 115, 75, 172, 218, 237, 116, 180, 88, 109, 115, 107, 141, 210, 239, 120, 181, 93, 238, 246, 27, 21, 138, 121, 47, 178, 90, 110, 211, 225, 88, 66, 144, 90, 108, 147, 218, 228, 138, 199, 111, 182, 91, 44, 55, 11, 157, 150, 191, 50, 44, 100, 22, 50, 134, 231, 115, 158, 222, 45, 215, 153, 164, 214, 105, 121, 188, 142, 55, 27, 196, 214, 203, 55, 32, 238, 151, 89, 204, 226, 241, 103, 178, 206, 110, 22, 75, 69, 134, 201, 53, 184, 204, 238, 214, 75, 29, 154, 207, 104, 153, 128, 147, 139, 85, 214, 241, 99, 183, 78, 82, 27, 36, 218, 221, 109, 56, 108, 96, 13, 186, 239, 100, 185, 77, 231, 54, 43, 29, 218, 199, 116, 178, 44, 51, 59, 173, 206, 237, 57, 184, 218, 173, 119, 169, 173, 174, 105, 117, 155, 93, 174, 150, 139, 13, 174, 109, 113, 186, 93, 239, 22, 171, 189, 222, 195, 98, 177, 76, 192, 25, 228, 190, 201, 105, 187, 79, 133, 97, 10, 65, 105, 178, 79, 107, 146, 43, 29, 190, 217, 108, 176, 220, 46, 118, 90, 252, 200, 177, 144, 88, 202, 27, 157, 206, 123, 120, 183, 94, 102, 147, 89, 165, 230, 0, 

HS(6,5)
Compressed data: 158, 75, 236, 150, 155, 180, 248, 41, 130, 10, 65, 105, 178, 79, 107, 146, 43, 29, 190, 217, 108, 176, 220, 46, 118, 90, 252, 200, 88, 100, 22, 49, 65, 185, 220, 231, 183, 139, 117, 230, 105, 53, 154, 94, 111, 33, 195, 113, 188, 77, 108, 179, 113, 3, 186, 93, 103, 51, 139, 197, 158, 203, 57, 184, 89, 45, 22, 27, 36, 214, 227, 51, 187, 89, 44, 118, 107, 61, 162, 102, 0, 147, 139, 85, 212, 112, 108, 147, 107, 117, 180, 80, 108, 96, 3, 110, 187, 217, 46, 83, 121, 205, 138, 199, 118, 177, 221, 44, 133, 131, 51, 186, 220, 238, 211, 155, 141, 170, 215, 122, 154, 218, 230, 151, 89, 181, 218, 232, 244, 55, 11, 92, 218, 227, 116, 187, 222, 45, 87, 123, 189, 134, 197, 98, 179, 91, 148, 134, 107, 116, 153, 221, 174, 182, 121, 157, 226, 199, 106, 184, 92, 18, 134, 113, 99, 188, 91, 65, 6, 105, 100, 14, 17, 129, 186, 219, 102, 211, 75, 108, 210, 214, 204, 55, 91, 149, 154, 109, 116, 189, 92, 111, 51, 59, 189, 218, 231, 110, 189, 88, 166, 246, 27, 196, 214, 225, 120, 153, 88, 110, 215, 43, 45, 214, 195, 102, 154, 218, 174, 247, 75, 180, 206, 113, 50, 187, 93, 173, 22, 75, 29, 134, 109, 110, 155, 222, 166, 211, 43, 205, 198, 197, 99, 187, 90, 166, 243, 139, 173, 150, 109, 54, 181, 220, 103, 23, 22, 97, 176, 219, 108, 246, 59, 125, 178, 217, 97, 184, 92, 236, 178, 1, 8, 180, 219, 171, 146, 41, 244, 242, 201, 105, 187, 18, 9, 0, 220, 238, 115, 209, 161, 184, 88, 109, 214, 91, 100, 182, 197, 111, 178, 94, 100, 2, 131, 45, 152, 205, 79, 138, 153, 111, 185, 89, 109, 170, 130, 188, 55, 80, 161, 178, 57, 8, 208, 200, 46, 118, 155, 164, 130, 195, 109, 178, 221, 37, 146, 11, 45, 204, 72, 172, 214, 107, 45, 200, 48, 109, 246, 59, 173, 201, 64, 64, 132, 72, 68, 4, 192, 110, 118, 91, 36, 130, 221, 101, 40, 27, 149, 134, 233, 105, 183, 182, 13, 150, 217, 101, 183, 52, 17, 80, 219, 129, 6, 228, 32, 50, 233, 53, 186, 197, 115, 184, 78, 231, 146, 251, 37, 166, 237, 62, 10, 96, 130, 144, 90, 108, 147, 218, 228, 138, 199, 111, 182, 91, 44, 55, 4, 225, 175, 204, 133, 134, 65, 99, 20, 27, 157, 204, 160, 174, 22, 27, 117, 150, 217, 45, 52, 114, 193, 16, 123, 77, 184, 216, 93, 149, 75, 108, 86, 251, 37, 230, 64, 40, 50, 217, 140, 212, 248, 169, 150, 251, 149, 150, 218, 168, 43, 195, 117, 10, 27, 35, 144, 141, 12, 130, 231, 105, 186, 72, 44, 54, 219, 45, 210, 89, 32, 178, 220, 196, 138, 205, 102, 178, 220, 131, 6, 223, 99, 186, 220, 148, 4, 8, 68, 132, 64, 76, 6, 231, 101, 178, 72, 45, 214, 83, 214, 153, 204, 166, 147, 41, 4, 242, 95, 100, 180, 221, 167, 193, 76, 16, 82, 11, 77, 146, 123, 92, 145, 88, 237, 246, 203, 101, 134, 224, 244, 53, 249, 144, 176, 169, 8, 160, 220, 238, 115, 219, 197, 186, 243, 52, 154, 205, 47, 55, 144, 225, 184, 222, 38, 182, 89, 184, 129, 221, 46, 179, 153, 197, 226, 207, 101, 156, 220, 44, 150, 139, 13, 146, 107, 113, 153, 221, 172, 150, 59, 53, 158, 209, 51, 0, 73, 197, 170, 235, 120, 177, 219, 167, 36, 131, 100, 155, 91, 173, 163, 131, 99, 0, 27, 117, 222, 201, 114, 155, 206, 108, 86, 59, 181, 142, 233, 100, 44, 25, 157, 214, 231, 118, 156, 220, 109, 86, 187, 212, 214, 215, 52, 186, 205, 174, 215, 75, 69, 134, 215, 54, 184, 221, 46, 247, 139, 85, 222, 239, 97, 177, 88, 172, 206, 67, 98, 154, 221, 38, 119, 107, 172, 242, 95, 100, 180, 221, 167, 193, 76, 16, 82, 11, 77, 146, 123, 92, 145, 88, 237, 246, 203, 101, 134, 225, 115, 178, 215, 230, 66, 195, 32, 177, 138, 13, 206, 231, 61, 188, 91, 175, 51, 73, 172, 210, 243, 121, 14, 27, 141, 226, 107, 101, 155, 136, 29, 210, 235, 57, 156, 94, 44, 246, 89, 205, 194, 201, 104, 176, 217, 38, 183, 25, 157, 218, 201, 99, 179, 89, 237, 19, 48, 4, 156, 90, 174, 183, 139, 29, 186, 114, 72, 54, 73, 181, 186, 218, 56, 54, 48, 1, 183, 93, 236, 151, 41, 188, 230, 197, 99, 187, 88, 238, 150, 66, 193, 153, 221, 110, 119, 105, 205, 198, 213, 107, 189, 77, 109, 115, 75, 172, 218, 237, 116, 180, 88, 109, 115, 107, 141, 210, 239, 120, 181, 93, 238, 246, 27, 21, 138, 204, 228, 54, 41, 173, 210, 103, 118, 186, 207, 37, 246, 75, 77, 218, 124, 20, 193, 5, 32, 180, 217, 39, 181, 201, 21, 142, 223, 108, 182, 88, 110, 23, 59, 45, 126, 100, 44, 50, 11, 24, 160, 220, 238, 115, 219, 197, 186, 243, 52, 154, 205, 47, 55, 144, 225, 184, 222, 38, 182, 89, 184, 129, 221, 46, 179, 153, 197, 226, 207, 101, 144, 61, 48, 82, 132, 8, 231, 93, 164, 22, 155, 36, 246, 185, 34, 177, 219, 237, 150, 203, 13, 194, 231, 101, 175, 204, 133, 134, 65, 99, 20, 27, 157, 206, 123, 120, 183, 94, 102, 147, 89, 165, 230, 242, 28, 55, 27, 196, 214, 203, 55, 16, 59, 165, 214, 115, 56, 188, 89, 236, 179, 155, 133, 146, 209, 97, 178, 77, 110, 51, 59, 181, 146, 199, 102, 179, 218, 38, 96, 9, 56, 181, 93, 111, 22, 59, 116, 228, 144, 108, 147, 107, 117, 180, 112, 108, 96, 3, 110, 187, 217, 46, 83, 121, 205, 138, 199, 118, 177, 221, 44, 133, 131, 51, 186, 220, 238, 211, 155, 141, 170, 215, 122, 154, 218, 230, 151, 89, 181, 218, 233, 104, 176, 218, 230, 215, 27, 165, 222, 241, 106, 187, 221, 236, 54, 43, 20, 242, 95, 100, 180, 221, 167, 193, 76, 16, 82, 11, 77, 146, 123, 92, 145, 88, 237, 246, 203, 101, 134, 225, 115, 178, 215, 230, 66, 195, 32, 177, 138, 13, 206, 231, 61, 188, 91, 175, 51, 73, 172, 210, 243, 121, 14, 27, 141, 226, 107, 101, 155, 136, 29, 210, 235, 57, 156, 94, 44, 246, 89, 205, 194, 201, 104, 176, 217, 38, 183, 25, 157, 218, 201, 99, 179, 89, 237, 19, 48, 4, 156, 90, 174, 183, 139, 29, 186, 114, 72, 54, 73, 181, 186, 218, 56, 54, 48, 1, 183, 93, 236, 151, 41, 188, 230, 197, 99, 187, 88, 238, 150, 66, 193, 153, 221, 110, 119, 105, 205, 198, 213, 107, 189, 77, 109, 115, 75, 172, 218, 237, 116, 180, 88, 109, 115, 107, 141, 210, 239, 120, 181, 93, 238, 246, 27, 21, 137, 128, 102, 115, 201, 125, 146, 211, 118, 159, 5, 48, 65, 72, 45, 54, 73, 237, 114, 69, 99, 183, 219, 45, 150, 27, 133, 206, 203, 95, 153, 11, 12, 130, 198, 40, 55, 59, 156, 246, 241, 110, 188, 205, 38, 179, 75, 204, 0, 

HS(7,5)
Compressed data: 158, 75, 236, 150, 155, 180, 248, 20, 192, 130, 144, 90, 108, 147, 218, 228, 138, 199, 111, 182, 91, 44, 55, 11, 157, 150, 191, 50, 11, 12, 130, 198, 20, 27, 157, 206, 123, 120, 183, 94, 102, 147, 89, 165, 230, 242, 14, 27, 141, 226, 107, 101, 155, 132, 14, 233, 117, 156, 206, 47, 22, 123, 44, 230, 225, 100, 180, 88, 108, 147, 91, 140, 206, 237, 100, 177, 217, 172, 246, 137, 152, 1, 39, 22, 171, 168, 112, 108, 147, 107, 117, 180, 40, 54, 48, 0, 219, 174, 246, 75, 148, 222, 115, 98, 177, 221, 172, 119, 75, 32, 176, 102, 119, 91, 157, 218, 115, 113, 181, 90, 239, 83, 91, 92, 210, 235, 54, 187, 93, 15, 67, 112, 181, 205, 174, 55, 75, 189, 226, 213, 119, 187, 216, 108, 86, 43, 53, 184, 164, 51, 91, 162, 104, 110, 182, 121, 157, 226, 199, 106, 184, 92, 9, 67, 56, 177, 222, 45, 160, 65, 154, 89, 1, 194, 24, 27, 173, 182, 109, 52, 182, 205, 45, 102, 97, 186, 220, 172, 211, 107, 165, 234, 227, 121, 153, 221, 238, 215, 59, 117, 234, 197, 55, 176, 222, 38, 183, 11, 196, 202, 195, 118, 185, 89, 110, 182, 27, 52, 213, 40, 55, 75, 180, 206, 113, 50, 187, 93, 173, 22, 75, 29, 134, 109, 110, 155, 222, 166, 211, 43, 205, 198, 197, 99, 187, 90, 166, 243, 139, 173, 150, 109, 54, 181, 220, 103, 23, 19, 48, 216, 109, 182, 123, 29, 190, 217, 108, 126, 13, 206, 203, 32, 8, 69, 166, 221, 92, 145, 79, 167, 150, 75, 77, 216, 72, 34, 1, 185, 220, 231, 161, 161, 184, 88, 109, 214, 91, 100, 182, 197, 111, 178, 94, 100, 1, 65, 150, 204, 102, 163, 226, 166, 91, 217, 131, 109, 42, 9, 120, 110, 160, 161, 178, 28, 132, 52, 50, 11, 157, 166, 233, 32, 79, 13, 150, 233, 44, 144, 89, 110, 97, 34, 179, 89, 172, 183, 32, 96, 219, 236, 119, 91, 145, 64, 64, 66, 18, 16, 128, 140, 5, 112, 54, 73, 2, 72, 69, 3, 114, 176, 221, 45, 54, 243, 96, 169, 134, 203, 110, 52, 16, 168, 109, 192, 65, 185, 4, 6, 93, 38, 183, 88, 174, 119, 9, 220, 242, 94, 244, 39, 240, 130, 148, 16, 76, 129, 178, 79, 92, 3, 99, 99, 13, 178, 194, 218, 27, 45, 126, 100, 22, 20, 176, 133, 6, 231, 115, 20, 21, 194, 194, 154, 27, 100, 180, 104, 226, 193, 8, 61, 166, 220, 54, 19, 178, 148, 182, 197, 111, 178, 94, 100, 1, 65, 150, 204, 102, 163, 226, 166, 91, 238, 86, 91, 105, 80, 75, 195, 117, 5, 13, 144, 228, 33, 161, 144, 92, 237, 55, 73, 5, 134, 219, 101, 186, 75, 36, 22, 91, 152, 72, 172, 214, 107, 45, 200, 24, 54, 251, 29, 214, 228, 80, 16, 16, 132, 132, 32, 35, 1, 92, 13, 146, 64, 146, 17, 235, 76, 230, 83, 73, 148, 130, 121, 47, 119, 19, 224, 65, 74, 8, 38, 16, 217, 31, 197, 99, 96, 13, 178, 194, 212, 27, 45, 126, 100, 22, 18, 144, 133, 6, 231, 115, 158, 222, 45, 215, 153, 164, 214, 105, 121, 188, 131, 134, 227, 120, 154, 217, 102, 225, 3, 186, 93, 103, 51, 139, 197, 158, 203, 57, 184, 89, 45, 22, 27, 36, 214, 227, 51, 187, 89, 44, 118, 107, 61, 162, 102, 0, 73, 197, 170, 235, 120, 177, 219, 167, 34, 65, 178, 77, 173, 214, 208, 224, 216, 192, 3, 110, 187, 217, 46, 83, 121, 205, 138, 199, 118, 177, 221, 44, 130, 193, 153, 221, 110, 119, 105, 205, 198, 213, 107, 189, 77, 109, 115, 75, 172, 218, 237, 116, 65, 13, 174, 109, 113, 186, 93, 239, 22, 171, 189, 222, 195, 98, 177, 89, 142, 67, 98, 154, 221, 20, 3, 117, 158, 75, 236, 150, 155, 180, 248, 20, 192, 130, 144, 90, 108, 147, 218, 228, 138, 199, 111, 182, 91, 44, 55, 11, 157, 150, 191, 50, 11, 12, 130, 198, 20, 27, 157, 206, 123, 120, 183, 94, 102, 147, 89, 165, 230, 242, 14, 27, 141, 226, 107, 101, 155, 132, 14, 233, 117, 156, 206, 47, 22, 123, 44, 230, 225, 100, 92, 13, 146, 107, 113, 77, 13, 146, 199, 102, 179, 218, 38, 96, 4, 156, 90, 174, 183, 139, 27, 32, 68, 131, 100, 155, 91, 173, 161, 193, 177, 128, 6, 221, 119, 178, 92, 166, 238, 161, 177, 221, 172, 119, 75, 32, 176, 102, 119, 91, 157, 218, 115, 113, 181, 90, 239, 83, 91, 92, 210, 235, 54, 187, 93, 16, 67, 107, 155, 92, 110, 151, 123, 197, 170, 239, 119, 176, 216, 172, 86, 99, 144, 216, 166, 183, 69, 0, 221, 103, 146, 251, 37, 166, 237, 62, 5, 48, 32, 164, 22, 155, 36, 246, 185, 34, 177, 219, 237, 150, 203, 13, 194, 231, 101, 175, 204, 130, 195, 32, 177, 133, 6, 231, 115, 158, 222, 45, 215, 153, 164, 214, 105, 121, 188, 131, 134, 227, 120, 154, 217, 102, 225, 3, 186, 93, 103, 51, 139, 197, 158, 203, 32, 67, 114, 151, 212, 190, 164, 41, 205, 194, 201, 104, 176, 217, 38, 183, 25, 157, 218, 201, 99, 179, 89, 237, 19, 48, 2, 78, 45, 87, 91, 197, 142, 221, 57, 18, 13, 146, 109, 110, 182, 135, 6, 198, 0, 27, 117, 222, 201, 114, 155, 206, 108, 86, 59, 181, 142, 233, 100, 22, 12, 206, 235, 115, 187, 78, 110, 54, 171, 93, 234, 107, 107, 154, 93, 102, 215, 107, 162, 8, 109, 115, 107, 141, 210, 239, 120, 181, 93, 238, 246, 27, 21, 138, 121, 47, 178, 90, 110, 211, 224, 83, 2, 10, 65, 105, 178, 79, 107, 146, 43, 29, 190, 217, 108, 176, 220, 46, 118, 90, 252, 200, 44, 50, 11, 24, 80, 110, 119, 57, 237, 226, 221, 121, 154, 77, 102, 151, 155, 200, 56, 110, 55, 137, 173, 150, 110, 16, 59, 165, 214, 115, 56, 188, 89, 236, 179, 155, 133, 145, 76, 54, 73, 173, 198, 102, 214, 27, 29, 154, 207, 104, 153, 128, 18, 113, 106, 186, 222, 44, 118, 233, 200, 144, 108, 147, 107, 117, 180, 56, 54, 48, 0, 219, 174, 246, 75, 148, 222, 115, 98, 177, 221, 172, 119, 75, 32, 176, 102, 119, 91, 157, 218, 115, 113, 181, 90, 239, 83, 91, 92, 210, 235, 54, 187, 93, 16, 67, 107, 155, 92, 110, 151, 123, 197, 170, 239, 119, 176, 216, 172, 72, 2, 158, 75, 236, 150, 155, 180, 248, 20, 192, 130, 144, 90, 108, 147, 218, 228, 138, 199, 111, 182, 91, 44, 55, 11, 157, 150, 191, 50, 11, 12, 130, 198, 20, 27, 157, 206, 123, 120, 183, 94, 102, 147, 89, 165, 230, 0, 

HS(8,6)