////////////////////////////////////1280
//////////////////////////////homogen
HS(4,3)
Compressed data: 152, 131, 131, 131, 131, 131, 131, 131, 131, 131, 131, 131, 131, 131, 131, 131, 131, 131, 131, 131, 131, 131, 131, 131, 131, 131, 131, 131, 131, 131, 131, 131, 131, 131, 131, 131, 131, 131, 131, 131, 131, 131, 131, 131, 131, 131, 131, 131, 131, 131, 131, 131, 131, 131, 131, 131, 131, 131, 131, 131, 131, 131, 131, 131, 131, 131, 131, 131, 131, 131, 131, 131, 131, 131, 131, 131, 131, 131, 131, 131, 131, 131, 131, 131, 131, 131, 131, 131, 131, 131, 131, 131, 131, 131, 131, 131, 131, 131, 131, 131, 131, 131, 131, 131, 131, 131, 131, 131, 131, 131, 131, 131, 131, 131, 131, 131, 131, 131, 131, 131, 131, 131, 131, 131, 131, 131, 131, 131, 131, 131, 131, 131, 131, 131, 131, 131, 131, 192, 1, 193, 193, 193, 193, 193, 193, 193, 193, 193, 193, 193, 193, 193, 193, 193, 193, 193, 193, 193, 193, 193, 193, 193, 64, 

HS(5,4)
Compressed data: 152, 129, 224, 120, 30, 7, 129, 224, 120, 30, 7, 129, 224, 120, 30, 7, 129, 224, 120, 30, 7, 129, 224, 120, 30, 7, 129, 224, 120, 30, 7, 129, 224, 120, 30, 7, 129, 224, 120, 30, 7, 129, 224, 120, 30, 7, 129, 224, 120, 30, 7, 129, 224, 120, 30, 7, 129, 224, 120, 30, 7, 129, 224, 120, 30, 7, 129, 224, 120, 30, 7, 129, 224, 120, 30, 7, 129, 224, 124, 0, 15, 3, 192, 240, 60, 15, 3, 192, 240, 60, 15, 3, 192, 240, 60, 15, 3, 192, 240, 60, 15, 3, 64, 

HS(6,5)
Compressed data: 152, 128, 248, 15, 128, 248, 15, 128, 248, 15, 128, 248, 15, 128, 248, 15, 128, 248, 15, 128, 248, 15, 128, 248, 15, 128, 248, 15, 128, 248, 15, 128, 248, 15, 128, 248, 15, 128, 252, 0, 7, 192, 124, 7, 192, 124, 7, 192, 124, 7, 192, 124, 7, 192, 124, 7, 192, 124, 7, 192, 124, 7, 64, 

HS(7,5)

HS(8,6)

//////////////////////////////heterogen
HS(4,3)
Compressed data: 158, 75, 236, 150, 155, 180, 248, 184, 138, 65, 105, 178, 79, 107, 146, 43, 29, 190, 217, 108, 176, 220, 46, 118, 90, 252, 201, 102, 65, 99, 81, 185, 220, 231, 183, 139, 117, 230, 105, 53, 154, 94, 111, 39, 55, 27, 196, 214, 203, 55, 67, 186, 93, 103, 51, 139, 197, 158, 203, 57, 184, 89, 45, 22, 27, 36, 214, 227, 51, 187, 89, 44, 118, 107, 61, 162, 102, 9, 56, 181, 93, 111, 22, 59, 116, 230, 237, 100, 178, 77, 173, 214, 215, 27, 24, 13, 186, 239, 100, 185, 77, 231, 54, 43, 29, 218, 199, 116, 178, 93, 172, 147, 59, 173, 206, 237, 57, 184, 218, 173, 119, 169, 173, 174, 105, 117, 155, 93, 174, 150, 139, 13, 194, 215, 54, 184, 221, 46, 247, 139, 85, 222, 239, 97, 177, 88, 172, 214, 233, 205, 138, 107, 116, 153, 221, 174, 182, 121, 157, 226, 199, 106, 184, 92, 38, 182, 185, 197, 142, 241, 109, 17, 154, 89, 14, 88, 110, 182, 217, 180, 210, 219, 52, 181, 218, 44, 55, 91, 149, 154, 109, 116, 189, 92, 111, 51, 59, 189, 218, 231, 110, 189, 88, 166, 246, 27, 196, 214, 225, 120, 153, 88, 110, 215, 43, 45, 214, 195, 102, 154, 218, 174, 247, 75, 180, 206, 113, 50, 187, 93, 173, 22, 75, 29, 134, 109, 110, 155, 222, 166, 211, 43, 205, 198, 197, 99, 187, 90, 166, 243, 139, 173, 150, 109, 54, 181, 220, 103, 23, 27, 213, 138, 195, 109, 179, 216, 237, 246, 203, 101, 134, 225, 115, 178, 200, 17, 228, 22, 155, 117, 114, 69, 62, 158, 89, 45, 55, 105, 5, 142, 217, 97, 185, 220, 231, 173, 55, 11, 13, 186, 203, 108, 150, 216, 173, 246, 75, 204, 129, 70, 91, 49, 154, 215, 36, 83, 234, 101, 190, 229, 101, 182, 200, 45, 55, 11, 157, 212, 166, 201, 111, 182, 52, 200, 46, 118, 155, 164, 130, 195, 109, 178, 221, 37, 146, 11, 45, 205, 42, 205, 102, 178, 220, 140, 109, 246, 59, 173, 202, 228, 131, 101, 73, 65, 150, 72, 46, 118, 91, 36, 130, 221, 101, 144, 91, 238, 86, 27, 165, 166, 223, 32, 178, 89, 109, 150, 91, 117, 166, 233, 32, 185, 148, 136, 220, 144, 101, 210, 107, 117, 138, 231, 112, 157, 207, 37, 246, 75, 77, 218, 124, 92, 69, 32, 180, 217, 39, 181, 201, 21, 142, 223, 108, 182, 88, 110, 23, 59, 45, 126, 100, 179, 32, 177, 168, 220, 238, 115, 212, 27, 133, 134, 221, 101, 182, 75, 108, 118, 251, 99, 205, 194, 231, 101, 144, 35, 200, 45, 54, 234, 228, 138, 125, 60, 178, 90, 110, 210, 11, 29, 178, 195, 115, 185, 207, 90, 110, 22, 27, 117, 150, 217, 45, 177, 91, 236, 151, 153, 2, 140, 182, 99, 53, 174, 72, 167, 212, 203, 125, 202, 203, 109, 144, 90, 110, 23, 59, 169, 77, 146, 223, 108, 105, 144, 92, 237, 55, 73, 5, 134, 219, 101, 186, 75, 36, 22, 91, 154, 85, 154, 205, 101, 185, 24, 219, 236, 119, 91, 149, 201, 6, 202, 146, 131, 44, 144, 92, 236, 182, 73, 5, 186, 203, 101, 185, 180, 216, 108, 214, 107, 45, 200, 198, 223, 99, 186, 220, 174, 72, 54, 84, 148, 25, 156, 202, 105, 50, 144, 79, 37, 246, 75, 77, 218, 124, 92, 69, 32, 180, 217, 39, 181, 201, 21, 142, 223, 108, 182, 88, 110, 23, 59, 45, 126, 100, 179, 32, 177, 168, 220, 238, 115, 219, 197, 186, 243, 52, 154, 205, 47, 55, 147, 155, 141, 226, 107, 101, 155, 161, 221, 46, 179, 153, 197, 226, 207, 101, 156, 220, 44, 150, 139, 13, 146, 107, 113, 153, 221, 172, 150, 59, 53, 158, 209, 51, 4, 156, 90, 174, 183, 139, 29, 186, 115, 118, 178, 89, 38, 214, 235, 107, 141, 140, 6, 221, 119, 178, 92, 166, 243, 155, 21, 142, 237, 99, 186, 89, 46, 214, 73, 157, 214, 231, 118, 156, 220, 109, 86, 187, 212, 214, 215, 52, 186, 205, 174, 215, 75, 69, 134, 215, 54, 184, 221, 46, 247, 139, 85, 222, 239, 97, 177, 88, 172, 214, 233, 205, 138, 107, 116, 153, 221, 174, 179, 201, 125, 146, 211, 118, 159, 23, 17, 72, 45, 54, 73, 237, 114, 69, 99, 183, 219, 45, 150, 27, 133, 206, 203, 95, 153, 44, 200, 44, 106, 55, 59, 156, 246, 241, 110, 188, 205, 38, 179, 75, 205, 228, 230, 227, 120, 154, 217, 102, 232, 119, 75, 172, 230, 113, 120, 179, 217, 103, 55, 11, 37, 162, 195, 100, 154, 220, 102, 119, 107, 37, 142, 205, 103, 180, 76, 193, 39, 22, 171, 173, 226, 199, 110, 156, 221, 172, 150, 73, 181, 186, 218, 227, 99, 1, 183, 93, 236, 151, 41, 188, 230, 197, 99, 187, 88, 238, 150, 75, 181, 146, 103, 117, 185, 221, 167, 55, 27, 85, 174, 245, 53, 181, 205, 46, 179, 107, 181, 210, 209, 97, 181, 205, 174, 55, 75, 189, 226, 213, 119, 187, 216, 108, 86, 43, 53, 186, 115, 98, 154, 221, 38, 119, 107, 172, 242, 95, 100, 180, 221, 167, 197, 196, 82, 11, 77, 146, 123, 92, 145, 88, 237, 246, 203, 101, 134, 225, 115, 178, 215, 230, 75, 50, 11, 26, 141, 206, 231, 61, 188, 91, 175, 51, 73, 172, 210, 243, 121, 57, 184, 222, 38, 182, 89, 186, 29, 210, 235, 57, 156, 94, 44, 246, 89, 4, 242, 95, 100, 180, 221, 167, 197, 196, 46, 238, 215, 105, 5, 166, 201, 61, 174, 72, 172, 118, 251, 101, 178, 195, 112, 185, 217, 107, 243, 37, 153, 5, 141, 70, 231, 115, 158, 222, 45, 215, 153, 164, 214, 105, 121, 188, 156, 220, 111, 19, 91, 44, 221, 14, 233, 117, 156, 206, 47, 22, 123, 44, 230, 225, 100, 180, 88, 108, 147, 91, 140, 206, 237, 100, 177, 217, 172, 246, 137, 152, 36, 226, 213, 117, 188, 88, 237, 211, 155, 181, 146, 201, 54, 183, 91, 92, 108, 96, 54, 235, 189, 146, 229, 55, 156, 216, 172, 119, 107, 29, 210, 201, 118, 178, 76, 238, 183, 59, 180, 230, 227, 106, 181, 222, 166, 182, 185, 165, 214, 109, 118, 186, 90, 44, 54, 185, 181, 198, 233, 119, 188, 90, 174, 247, 123, 13, 138, 197, 60, 151, 217, 45, 55, 105, 241, 113, 20, 130, 211, 100, 158, 215, 36, 86, 59, 125, 178, 217, 97, 184, 92, 236, 181, 249, 146, 204, 130, 198, 163, 115, 185, 207, 111, 22, 235, 204, 210, 107, 52, 188, 222, 78, 110, 55, 137, 173, 150, 110, 135, 116, 186, 206, 103, 23, 139, 61, 150, 115, 112, 178, 90, 44, 54, 73, 173, 198, 103, 118, 178, 88, 236, 214, 123, 68, 204, 18, 113, 106, 186, 222, 44, 118, 233, 205, 218, 201, 100, 155, 91, 173, 174, 54, 48, 27, 117, 222, 201, 114, 155, 206, 108, 86, 59, 181, 142, 233, 100, 187, 89, 38, 119, 91, 157, 218, 115, 113, 181, 90, 239, 83, 91, 92, 210, 0, 

HS(5,4)
Compressed data: 158, 75, 236, 150, 155, 180, 248, 86, 16, 164, 22, 155, 36, 246, 185, 34, 177, 219, 237, 150, 203, 13, 194, 231, 101, 175, 204, 139, 25, 5, 140, 161, 185, 220, 231, 183, 139, 117, 230, 105, 53, 154, 94, 111, 35, 141, 198, 241, 53, 178, 205, 200, 59, 165, 214, 115, 56, 188, 89, 236, 179, 155, 133, 146, 209, 97, 178, 77, 110, 51, 59, 181, 146, 199, 102, 179, 218, 38, 96, 36, 226, 213, 117, 188, 88, 237, 211, 148, 134, 201, 54, 183, 91, 78, 27, 24, 3, 110, 187, 217, 46, 83, 121, 205, 138, 199, 118, 177, 221, 44, 139, 12, 206, 235, 115, 187, 78, 110, 54, 171, 93, 234, 107, 107, 154, 93, 102, 215, 107, 165, 162, 195, 112, 181, 205, 174, 55, 75, 189, 226, 213, 119, 187, 216, 108, 86, 43, 53, 186, 115, 98, 154, 221, 38, 119, 107, 173, 158, 103, 120, 177, 218, 174, 23, 9, 173, 174, 113, 99, 188, 91, 66, 25, 165, 144, 113, 48, 110, 182, 217, 180, 210, 219, 52, 181, 218, 44, 55, 91, 149, 154, 109, 116, 189, 92, 111, 51, 59, 189, 218, 231, 110, 189, 88, 166, 246, 27, 196, 214, 225, 120, 153, 88, 110, 215, 43, 45, 214, 195, 102, 154, 218, 174, 247, 75, 180, 206, 113, 50, 187, 93, 173, 22, 75, 29, 134, 109, 110, 155, 222, 166, 211, 43, 205, 198, 197, 99, 187, 90, 166, 243, 139, 173, 150, 109, 54, 181, 220, 103, 23, 27, 213, 138, 195, 109, 179, 216, 237, 246, 203, 101, 134, 225, 115, 178, 200, 8, 139, 77, 186, 185, 34, 159, 79, 44, 150, 155, 178, 66, 128, 220, 238, 115, 211, 70, 225, 97, 183, 89, 109, 146, 219, 21, 190, 201, 121, 144, 20, 50, 217, 140, 213, 242, 166, 91, 238, 86, 91, 108, 130, 211, 112, 185, 221, 69, 27, 37, 190, 216, 104, 200, 46, 118, 155, 164, 130, 195, 109, 178, 221, 37, 146, 11, 45, 204, 146, 179, 89, 172, 183, 33, 134, 223, 99, 186, 220, 174, 68, 10, 163, 32, 32, 88, 27, 157, 150, 201, 32, 183, 89, 84, 27, 149, 134, 233, 105, 183, 200, 44, 150, 91, 101, 150, 221, 105, 100, 85, 27, 112, 67, 114, 32, 101, 210, 107, 117, 138, 231, 112, 157, 207, 37, 246, 75, 77, 218, 124, 43, 8, 82, 11, 77, 146, 123, 92, 145, 88, 237, 246, 203, 101, 134, 225, 115, 178, 215, 230, 69, 140, 130, 198, 80, 220, 238, 106, 21, 194, 195, 110, 178, 219, 37, 173, 58, 194, 67, 218, 109, 205, 140, 250, 121, 100, 180, 221, 146, 20, 6, 231, 115, 158, 154, 55, 11, 13, 186, 203, 108, 150, 216, 173, 246, 75, 204, 128, 161, 150, 204, 102, 175, 149, 50, 223, 114, 178, 219, 100, 22, 155, 133, 206, 234, 40, 217, 45, 246, 195, 70, 65, 115, 180, 221, 36, 22, 27, 109, 150, 233, 44, 144, 89, 110, 100, 149, 154, 205, 101, 185, 12, 54, 251, 29, 214, 229, 114, 32, 85, 25, 1, 2, 192, 220, 236, 182, 73, 5, 186, 202, 247, 188, 211, 57, 148, 210, 101, 32, 158, 75, 236, 150, 155, 180, 248, 86, 16, 164, 22, 155, 36, 246, 185, 34, 177, 219, 237, 150, 203, 13, 194, 231, 101, 175, 204, 139, 25, 5, 140, 161, 185, 220, 231, 183, 139, 117, 230, 105, 53, 154, 94, 111, 35, 141, 198, 241, 53, 178, 205, 200, 59, 165, 214, 115, 56, 188, 89, 236, 179, 155, 133, 146, 209, 97, 178, 77, 110, 51, 59, 181, 146, 199, 102, 179, 218, 38, 96, 36, 226, 213, 117, 188, 88, 237, 211, 148, 134, 201, 54, 183, 91, 78, 27, 24, 3, 110, 187, 217, 46, 83, 121, 205, 138, 199, 118, 177, 221, 44, 139, 12, 206, 235, 115, 187, 78, 110, 54, 171, 93, 234, 107, 107, 154, 93, 102, 215, 107, 165, 162, 195, 107, 155, 92, 110, 151, 123, 197, 170, 239, 119, 176, 216, 172, 86, 107, 116, 230, 197, 53, 186, 76, 238, 215, 89, 228, 190, 201, 105, 187, 79, 133, 97, 10, 65, 105, 178, 79, 107, 146, 43, 29, 190, 217, 108, 176, 220, 46, 118, 90, 252, 200, 177, 144, 88, 202, 27, 157, 206, 123, 120, 183, 94, 102, 147, 89, 165, 230, 242, 56, 220, 111, 19, 91, 44, 220, 131, 186, 93, 103, 51, 139, 197, 158, 203, 57, 184, 89, 45, 22, 27, 36, 214, 227, 51, 187, 89, 44, 118, 107, 61, 162, 102, 2, 78, 45, 87, 91, 197, 142, 221, 57, 72, 108, 147, 107, 117, 180, 225, 177, 128, 54, 235, 189, 146, 229, 55, 156, 216, 172, 119, 107, 29, 210, 200, 176, 204, 238, 183, 59, 180, 230, 227, 106, 181, 222, 166, 182, 185, 165, 214, 109, 118, 186, 90, 44, 54, 185, 181, 198, 233, 119, 188, 90, 174, 247, 123, 13, 138, 197, 102, 183, 78, 108, 83, 91, 164, 206, 237, 117, 158, 75, 236, 150, 155, 180, 248, 86, 16, 164, 22, 155, 36, 246, 185, 34, 177, 219, 237, 150, 203, 13, 194, 231, 101, 175, 204, 139, 25, 5, 140, 161, 185, 220, 231, 183, 139, 117, 230, 105, 53, 154, 94, 111, 35, 141, 198, 241, 53, 178, 205, 200, 59, 165, 214, 115, 56, 188, 89, 236, 178, 9, 228, 190, 201, 105, 187, 79, 133, 97, 4, 238, 187, 72, 45, 54, 73, 237, 114, 69, 99, 183, 219, 45, 150, 27, 133, 206, 203, 95, 153, 22, 50, 11, 25, 67, 115, 185, 207, 111, 22, 235, 204, 210, 107, 52, 188, 222, 71, 27, 141, 226, 107, 101, 155, 144, 119, 75, 172, 230, 113, 120, 179, 217, 103, 55, 11, 37, 162, 195, 100, 154, 220, 102, 119, 107, 37, 142, 205, 103, 180, 76, 192, 73, 197, 170, 235, 120, 177, 219, 167, 41, 13, 146, 109, 110, 182, 156, 54, 48, 6, 221, 119, 178, 92, 166, 243, 155, 21, 142, 237, 99, 186, 89, 22, 25, 157, 214, 231, 118, 156, 220, 109, 86, 187, 212, 214, 215, 52, 186, 205, 174, 215, 75, 69, 134, 215, 54, 184, 221, 46, 247, 139, 85, 222, 239, 97, 177, 88, 167, 146, 251, 37, 166, 237, 62, 21, 132, 41, 5, 166, 201, 61, 174, 72, 172, 118, 251, 101, 178, 195, 112, 185, 217, 107, 243, 34, 198, 65, 99, 40, 110, 119, 57, 237, 226, 221, 121, 154, 77, 102, 151, 155, 200, 227, 113, 188, 77, 108, 179, 114, 14, 233, 117, 156, 206, 47, 22, 123, 44, 230, 225, 100, 180, 88, 108, 147, 91, 140, 206, 237, 100, 177, 217, 172, 246, 137, 152, 9, 56, 181, 93, 111, 22, 59, 116, 229, 33, 178, 77, 173, 214, 211, 134, 198, 0, 219, 174, 246, 75, 148, 222, 115, 98, 177, 221, 172, 119, 75, 34, 195, 51, 186, 220, 238, 211, 155, 141, 170, 215, 122, 154, 218, 230, 144, 0, 

HS(6,5)
Compressed data: 158, 75, 236, 150, 155, 180, 248, 41, 130, 10, 65, 105, 178, 79, 107, 146, 43, 29, 190, 217, 108, 176, 220, 46, 118, 90, 252, 200, 88, 100, 22, 49, 65, 185, 220, 231, 183, 139, 117, 230, 105, 53, 154, 94, 111, 33, 195, 113, 188, 77, 108, 179, 113, 3, 186, 93, 103, 51, 139, 197, 158, 203, 57, 184, 89, 45, 22, 27, 36, 214, 227, 51, 187, 89, 44, 118, 107, 61, 162, 102, 0, 147, 139, 85, 214, 241, 99, 183, 78, 73, 6, 201, 54, 183, 91, 71, 6, 198, 0, 54, 235, 189, 146, 229, 55, 156, 216, 172, 119, 107, 29, 210, 200, 88, 51, 59, 173, 206, 237, 57, 184, 218, 173, 119, 169, 173, 174, 105, 117, 155, 93, 174, 150, 139, 13, 194, 215, 54, 184, 221, 46, 247, 139, 85, 222, 239, 97, 177, 88, 172, 206, 131, 98, 154, 221, 38, 119, 107, 173, 158, 103, 120, 177, 218, 174, 23, 4, 161, 156, 88, 239, 22, 208, 65, 154, 89, 3, 132, 96, 110, 182, 217, 180, 210, 219, 52, 181, 179, 13, 214, 229, 102, 155, 93, 47, 87, 27, 204, 206, 239, 118, 185, 219, 175, 86, 41, 189, 134, 241, 53, 184, 94, 38, 86, 27, 181, 202, 203, 117, 176, 217, 166, 182, 171, 189, 210, 237, 51, 156, 76, 174, 215, 107, 69, 146, 199, 97, 155, 91, 166, 247, 169, 180, 202, 243, 113, 177, 88, 238, 214, 169, 188, 226, 235, 101, 155, 77, 173, 119, 25, 197, 197, 152, 108, 54, 219, 61, 142, 223, 108, 182, 88, 110, 23, 59, 44, 128, 66, 45, 54, 234, 228, 138, 125, 60, 178, 90, 110, 196, 130, 64, 55, 59, 156, 244, 104, 110, 22, 27, 117, 150, 217, 45, 177, 91, 236, 151, 153, 0, 160, 203, 102, 51, 83, 226, 166, 91, 238, 86, 91, 106, 160, 175, 13, 212, 40, 108, 142, 66, 52, 50, 11, 157, 166, 233, 32, 176, 219, 108, 183, 73, 100, 130, 203, 115, 18, 43, 53, 154, 203, 114, 12, 27, 125, 142, 235, 114, 80, 16, 33, 18, 17, 1, 48, 27, 157, 150, 201, 32, 183, 89, 74, 6, 229, 97, 186, 90, 109, 237, 131, 101, 182, 89, 109, 205, 4, 84, 54, 224, 65, 185, 8, 12, 186, 77, 110, 177, 92, 238, 19, 185, 228, 190, 201, 105, 187, 79, 130, 152, 32, 164, 22, 155, 36, 246, 185, 34, 177, 219, 237, 150, 203, 13, 193, 56, 107, 243, 33, 97, 144, 88, 197, 6, 231, 115, 40, 43, 133, 134, 221, 101, 182, 75, 77, 28, 176, 68, 30, 211, 110, 54, 23, 101, 82, 219, 21, 190, 201, 121, 144, 10, 12, 182, 99, 53, 62, 42, 101, 190, 229, 101, 182, 170, 10, 240, 221, 66, 134, 200, 228, 35, 67, 32, 185, 218, 110, 146, 11, 13, 182, 203, 116, 150, 72, 44, 183, 49, 34, 179, 89, 172, 183, 32, 193, 183, 216, 238, 183, 37, 1, 2, 17, 33, 16, 19, 1, 185, 217, 108, 146, 11, 117, 148, 245, 166, 115, 41, 164, 202, 65, 60, 151, 217, 45, 55, 105, 240, 83, 4, 20, 130, 211, 100, 158, 215, 36, 86, 59, 125, 178, 217, 97, 184, 61, 13, 126, 100, 44, 42, 66, 40, 55, 59, 156, 246, 241, 110, 188, 205, 38, 179, 75, 205, 228, 56, 110, 55, 137, 173, 150, 110, 32, 119, 75, 172, 230, 113, 120, 179, 217, 103, 55, 11, 37, 162, 195, 100, 154, 220, 102, 119, 107, 37, 142, 205, 103, 180, 76, 192, 18, 113, 106, 186, 222, 44, 118, 233, 201, 32, 217, 38, 214, 235, 104, 224, 216, 192, 6, 221, 119, 178, 92, 166, 243, 155, 21, 142, 237, 99, 186, 89, 11, 6, 103, 117, 185, 221, 167, 55, 27, 85, 174, 245, 53, 181, 205, 46, 179, 107, 181, 210, 209, 97, 181, 205, 174, 55, 75, 189, 226, 213, 119, 187, 216, 108, 86, 43, 51, 144, 216, 166, 183, 73, 157, 218, 235, 60, 151, 217, 45, 55, 105, 240, 83, 4, 20, 130, 211, 100, 158, 215, 36, 86, 59, 125, 178, 217, 97, 184, 92, 236, 181, 249, 144, 176, 200, 44, 98, 131, 115, 185, 207, 111, 22, 235, 204, 210, 107, 52, 188, 222, 67, 134, 227, 120, 154, 217, 102, 226, 7, 116, 186, 206, 103, 23, 139, 61, 150, 115, 112, 178, 90, 44, 54, 73, 173, 198, 103, 118, 178, 88, 236, 214, 123, 68, 204, 1, 39, 22, 171, 173, 226, 199, 110, 156, 146, 13, 146, 109, 110, 182, 142, 13, 140, 0, 109, 215, 123, 37, 202, 111, 57, 177, 88, 238, 214, 59, 165, 144, 176, 102, 119, 91, 157, 218, 115, 113, 181, 90, 239, 83, 91, 92, 210, 235, 54, 187, 93, 45, 22, 27, 92, 218, 227, 116, 187, 222, 45, 87, 123, 189, 134, 197, 98, 179, 57, 13, 138, 107, 116, 153, 221, 174, 179, 201, 125, 146, 211, 118, 159, 5, 48, 65, 72, 45, 54, 73, 237, 114, 69, 99, 183, 219, 45, 150, 27, 133, 206, 203, 95, 153, 11, 12, 130, 198, 40, 55, 59, 156, 246, 241, 110, 188, 205, 38, 179, 75, 205, 228, 56, 110, 55, 137, 173, 150, 110, 32, 119, 75, 172, 230, 113, 120, 179, 217, 100, 15, 76, 20, 161, 2, 57, 215, 105, 5, 166, 201, 61, 174, 72, 172, 118, 251, 101, 178, 195, 112, 185, 217, 107, 243, 33, 97, 144, 88, 197, 6, 231, 115, 158, 222, 45, 215, 153, 164, 214, 105, 121, 188, 135, 13, 198, 241, 53, 178, 205, 196, 14, 233, 117, 156, 206, 47, 22, 123, 44, 230, 225, 100, 180, 88, 108, 147, 91, 140, 206, 237, 100, 177, 217, 172, 246, 137, 152, 2, 78, 45, 87, 91, 197, 142, 221, 57, 36, 27, 36, 218, 221, 109, 28, 27, 24, 0, 219, 174, 246, 75, 148, 222, 115, 98, 177, 221, 172, 119, 75, 33, 96, 204, 238, 183, 59, 180, 230, 227, 106, 181, 222, 166, 182, 185, 165, 214, 109, 118, 186, 90, 44, 54, 185, 181, 198, 233, 119, 188, 90, 174, 247, 123, 13, 138, 197, 60, 151, 217, 45, 55, 105, 240, 83, 4, 20, 130, 211, 100, 158, 215, 36, 86, 59, 125, 178, 217, 97, 184, 92, 236, 181, 249, 144, 176, 200, 44, 98, 131, 115, 185, 207, 111, 22, 235, 204, 210, 107, 52, 188, 222, 67, 134, 227, 120, 154, 217, 102, 226, 7, 116, 186, 206, 103, 23, 139, 61, 150, 115, 112, 178, 90, 44, 54, 73, 173, 198, 103, 118, 178, 88, 236, 214, 123, 68, 204, 1, 39, 22, 171, 173, 226, 199, 110, 156, 146, 13, 146, 109, 110, 182, 142, 13, 140, 0, 109, 215, 123, 37, 202, 111, 57, 177, 88, 238, 214, 59, 165, 144, 176, 102, 119, 91, 157, 218, 115, 113, 181, 90, 239, 83, 91, 92, 210, 0, 

HS(7,5)
Compressed data: 158, 75, 236, 150, 155, 180, 248, 20, 192, 130, 144, 90, 108, 147, 218, 228, 138, 199, 111, 182, 91, 44, 55, 11, 157, 150, 191, 50, 11, 12, 130, 198, 20, 27, 157, 206, 123, 120, 183, 94, 102, 147, 89, 165, 230, 242, 14, 27, 141, 226, 107, 101, 155, 132, 14, 233, 117, 156, 206, 47, 22, 123, 44, 230, 225, 100, 180, 88, 108, 147, 91, 140, 206, 237, 100, 177, 217, 172, 246, 137, 152, 1, 39, 22, 171, 173, 226, 199, 110, 156, 137, 6, 201, 54, 183, 91, 67, 131, 99, 0, 13, 186, 239, 100, 185, 77, 231, 54, 43, 29, 218, 199, 116, 178, 11, 6, 103, 117, 185, 221, 167, 55, 27, 85, 174, 245, 53, 181, 205, 46, 179, 107, 181, 209, 4, 55, 11, 92, 218, 227, 116, 187, 222, 45, 87, 123, 189, 134, 197, 98, 179, 29, 6, 197, 53, 186, 40, 134, 235, 103, 153, 163, 6, 213, 112, 184, 18, 134, 113, 99, 188, 91, 64, 131, 52, 178, 3, 132, 48, 55, 91, 108, 218, 105, 109, 154, 90, 204, 195, 117, 185, 89, 166, 215, 75, 213, 198, 243, 51, 187, 221, 174, 118, 235, 213, 138, 111, 97, 188, 77, 110, 23, 137, 149, 134, 237, 114, 178, 221, 108, 54, 105, 170, 80, 110, 151, 105, 156, 226, 101, 118, 187, 90, 44, 150, 59, 12, 218, 221, 55, 189, 77, 166, 87, 155, 141, 138, 199, 118, 181, 77, 231, 23, 91, 44, 218, 109, 107, 184, 206, 46, 38, 97, 176, 219, 108, 246, 59, 125, 178, 216, 252, 27, 157, 150, 64, 16, 139, 77, 186, 185, 34, 159, 79, 44, 150, 155, 176, 144, 68, 3, 115, 185, 207, 67, 67, 112, 176, 219, 172, 182, 201, 109, 138, 223, 100, 188, 200, 2, 131, 45, 152, 205, 71, 197, 76, 183, 179, 6, 218, 84, 18, 240, 221, 65, 67, 100, 57, 8, 104, 100, 23, 59, 77, 210, 64, 158, 27, 45, 210, 89, 32, 178, 220, 194, 69, 102, 179, 89, 110, 64, 193, 183, 216, 238, 183, 34, 128, 128, 132, 36, 33, 1, 24, 10, 224, 108, 146, 4, 144, 138, 6, 229, 97, 186, 90, 109, 230, 193, 83, 13, 150, 220, 104, 33, 80, 219, 128, 131, 114, 8, 12, 186, 77, 110, 177, 92, 238, 19, 185, 228, 189, 232, 79, 225, 5, 40, 32, 153, 3, 100, 158, 184, 6, 198, 198, 27, 101, 133, 180, 54, 90, 252, 200, 44, 41, 97, 10, 13, 206, 230, 40, 43, 133, 133, 52, 54, 201, 104, 209, 197, 130, 16, 123, 77, 184, 108, 39, 101, 41, 109, 138, 223, 100, 188, 200, 2, 131, 45, 152, 205, 71, 197, 76, 183, 220, 172, 182, 210, 160, 151, 134, 234, 10, 27, 33, 200, 67, 67, 32, 185, 218, 110, 146, 11, 13, 182, 203, 116, 150, 72, 44, 183, 48, 145, 89, 172, 214, 91, 144, 48, 109, 246, 59, 173, 200, 160, 32, 33, 9, 8, 64, 70, 2, 184, 27, 36, 129, 36, 35, 214, 153, 204, 166, 147, 41, 4, 242, 94, 238, 39, 192, 130, 148, 16, 76, 33, 178, 63, 138, 198, 192, 27, 101, 133, 168, 54, 90, 252, 200, 44, 37, 33, 10, 13, 206, 231, 61, 188, 91, 175, 51, 73, 172, 210, 243, 121, 7, 13, 198, 241, 53, 178, 205, 194, 7, 116, 186, 206, 103, 23, 139, 61, 150, 115, 112, 178, 90, 44, 54, 73, 173, 198, 103, 118, 178, 88, 236, 214, 123, 68, 204, 0, 147, 139, 85, 214, 241, 99, 183, 78, 68, 131, 100, 155, 91, 173, 161, 193, 177, 128, 6, 221, 119, 178, 92, 166, 243, 155, 21, 142, 237, 99, 186, 89, 5, 131, 51, 186, 220, 238, 211, 155, 141, 170, 215, 122, 154, 218, 230, 151, 89, 181, 218, 232, 130, 27, 92, 218, 227, 116, 187, 222, 45, 87, 123, 189, 134, 197, 98, 179, 28, 134, 197, 53, 186, 40, 6, 235, 60, 151, 217, 45, 55, 105, 240, 41, 129, 5, 32, 180, 217, 39, 181, 201, 21, 142, 223, 108, 182, 88, 110, 23, 59, 45, 126, 100, 22, 25, 5, 140, 40, 55, 59, 156, 246, 241, 110, 188, 205, 38, 179, 75, 205, 228, 28, 55, 27, 196, 214, 203, 55, 8, 29, 210, 235, 57, 156, 94, 44, 246, 89, 205, 194, 200, 184, 27, 36, 214, 226, 154, 27, 37, 142, 205, 103, 180, 76, 192, 9, 56, 181, 93, 111, 22, 54, 64, 137, 6, 201, 54, 183, 91, 67, 131, 99, 0, 13, 186, 239, 100, 185, 77, 221, 67, 99, 187, 88, 238, 150, 65, 96, 204, 238, 183, 59, 180, 230, 227, 106, 181, 222, 166, 182, 185, 165, 214, 109, 118, 186, 32, 134, 215, 54, 184, 221, 46, 247, 139, 85, 222, 239, 97, 177, 88, 172, 199, 33, 177, 77, 110, 138, 1, 186, 207, 37, 246, 75, 77, 218, 124, 10, 96, 65, 72, 45, 54, 73, 237, 114, 69, 99, 183, 219, 45, 150, 27, 133, 206, 203, 95, 153, 5, 134, 65, 99, 10, 13, 206, 231, 61, 188, 91, 175, 51, 73, 172, 210, 243, 121, 7, 13, 198, 241, 53, 178, 205, 194, 7, 116, 186, 206, 103, 23, 139, 61, 150, 64, 134, 229, 47, 169, 125, 72, 83, 155, 133, 146, 209, 97, 178, 77, 110, 51, 59, 181, 146, 199, 102, 179, 218, 38, 96, 4, 156, 90, 174, 183, 139, 29, 186, 114, 36, 27, 36, 218, 221, 109, 14, 13, 140, 0, 54, 235, 189, 146, 229, 55, 156, 216, 172, 119, 107, 29, 210, 200, 44, 25, 157, 214, 231, 118, 156, 220, 109, 86, 187, 212, 214, 215, 52, 186, 205, 174, 215, 68, 16, 218, 230, 215, 27, 165, 222, 241, 106, 187, 221, 236, 54, 43, 20, 242, 95, 100, 180, 221, 167, 192, 166, 4, 20, 130, 211, 100, 158, 215, 36, 86, 59, 125, 178, 217, 97, 184, 92, 236, 181, 249, 144, 88, 100, 22, 48, 160, 220, 238, 115, 219, 197, 186, 243, 52, 154, 205, 47, 55, 144, 112, 220, 111, 19, 91, 44, 220, 32, 119, 75, 172, 230, 113, 120, 179, 217, 103, 55, 11, 34, 152, 108, 147, 91, 140, 205, 172, 54, 59, 53, 158, 209, 51, 0, 36, 226, 213, 117, 188, 88, 237, 211, 145, 32, 217, 38, 214, 235, 104, 112, 108, 96, 1, 183, 93, 236, 151, 41, 188, 230, 197, 99, 187, 88, 238, 150, 65, 96, 204, 238, 183, 59, 180, 230, 227, 106, 181, 222, 166, 182, 185, 164, 0, 

HS(8,6)