//////////////////////////////////////980

HS(4,3) polled = 126
Compressed data: 152, 131, 131, 131, 131, 131, 131, 131, 131, 131, 131, 131, 131, 131, 131, 131, 131, 131, 131, 131, 131, 131, 131, 131, 131, 131, 131, 131, 131, 131, 131, 131, 131, 131, 131, 131, 131, 131, 131, 131, 131, 131, 131, 131, 131, 131, 131, 131, 131, 131, 131, 131, 131, 131, 131, 131, 131, 131, 131, 131, 131, 131, 131, 131, 131, 131, 131, 131, 131, 131, 131, 131, 131, 131, 131, 131, 131, 131, 131, 131, 131, 131, 131, 131, 131, 131, 131, 131, 131, 131, 131, 131, 131, 131, 131, 131, 131, 131, 131, 131, 131, 131, 131, 131, 131, 131, 131, 131, 131, 131, 131, 131, 131, 131, 131, 131, 131, 131, 131, 131, 131, 131, 131, 128, 192, 0,

HS(4,3) polled = 947
Compressed data: 158, 75, 236, 150, 155, 180, 248, 184, 138, 65, 105, 178, 79, 107, 146, 43, 29, 190, 217, 108, 176, 220, 46, 118, 90, 252, 201, 102, 65, 99, 81, 185, 220, 231, 183, 139, 117, 230, 105, 53, 154, 94, 111, 39, 55, 27, 196, 214, 203, 55, 67, 186, 93, 103, 51, 139, 197, 158, 203, 57, 184, 89, 45, 22, 27, 36, 214, 227, 51, 187, 89, 44, 118, 107, 61, 162, 102, 9, 56, 181, 93, 111, 22, 59, 116, 230, 237, 100, 178, 77, 173, 214, 215, 27, 24, 13, 186, 239, 100, 185, 77, 231, 54, 43, 29, 218, 199, 116, 178, 93, 172, 147, 59, 173, 206, 237, 57, 184, 218, 173, 119, 169, 173, 174, 105, 117, 155, 93, 174, 150, 139, 13, 174, 109, 113, 186, 93, 239, 22, 171, 189, 222, 195, 98, 177, 89, 173, 211, 155, 20, 214, 233, 51, 187, 93, 108, 243, 59, 197, 142, 213, 112, 184, 77, 109, 115, 139, 29, 226, 218, 35, 52, 178, 28, 176, 221, 109, 179, 105, 165, 182, 105, 107, 180, 88, 110, 183, 43, 52, 218, 233, 122, 184, 222, 102, 119, 123, 181, 206, 221, 122, 177, 77, 236, 55, 137, 173, 194, 241, 50, 176, 221, 174, 86, 91, 173, 134, 205, 53, 181, 93, 238, 151, 105, 156, 226, 101, 118, 187, 90, 44, 150, 59, 12, 218, 221, 55, 189, 77, 166, 87, 155, 141, 138, 199, 118, 181, 77, 231, 23, 91, 44, 218, 109, 107, 184, 206, 46, 55, 171, 21, 134, 219, 103, 177, 219, 237, 150, 203, 13, 194, 231, 101, 144, 35, 200, 45, 54, 234, 228, 138, 125, 60, 178, 90, 110, 210, 11, 29, 178, 195, 115, 185, 207, 90, 110, 22, 27, 117, 150, 217, 45, 177, 91, 236, 151, 153, 2, 140, 182, 99, 53, 174, 72, 167, 212, 203, 125, 202, 203, 109, 144, 90, 110, 23, 59, 169, 77, 146, 223, 108, 105, 144, 92, 237, 55, 73, 5, 134, 219, 101, 186, 75, 36, 22, 91, 154, 85, 154, 205, 101, 185, 24, 219, 236, 119, 91, 149, 201, 6, 202, 146, 131, 44, 144, 92, 236, 182, 73, 5, 186, 203, 32, 183, 220, 172, 55, 75, 77, 190, 65, 100, 178, 219, 44, 182, 235, 77, 210, 65, 115, 41, 17, 185, 32, 203, 164, 214, 235, 21, 206, 225, 59, 158, 75, 236, 150, 155, 180, 248, 184, 138, 65, 105, 178, 79, 107, 146, 43, 29, 190, 217, 108, 176, 220, 46, 118, 90, 252, 201, 102, 65, 99, 81, 185, 220, 231, 168, 55, 11, 13, 186, 203, 108, 150, 216, 237, 246, 199, 155, 133, 206, 203, 32, 71, 144, 90, 109, 213, 201, 20, 250, 121, 100, 180, 221, 164, 22, 59, 101, 134, 231, 115, 158, 180, 220, 44, 54, 235, 45, 178, 91, 98, 183, 217, 47, 50, 5, 25, 108, 198, 107, 92, 145, 79, 169, 150, 251, 149, 150, 219, 32, 180, 220, 46, 119, 82, 155, 37, 190, 216, 211, 32, 185, 218, 110, 146, 11, 13, 182, 203, 116, 150, 72, 44, 183, 52, 171, 53, 154, 203, 114, 49, 183, 216, 238, 183, 43, 146, 13, 149, 37, 6, 89, 32, 185, 217, 108, 146, 11, 117, 150, 203, 115, 105, 176, 217, 172, 214, 91, 145, 141, 190, 199, 117, 185, 92, 144, 108, 169, 40, 51, 57, 148, 210, 101, 32, 158, 75, 236, 150, 155, 180, 248, 184, 138, 65, 105, 178, 79, 107, 146, 43, 29, 190, 217, 108, 176, 220, 46, 118, 90, 252, 201, 102, 65, 99, 81, 185, 220, 231, 183, 139, 117, 230, 105, 53, 154, 94, 111, 39, 55, 27, 196, 214, 203, 55, 67, 186, 93, 103, 51, 139, 197, 158, 203, 57, 184, 89, 45, 22, 27, 36, 214, 227, 51, 187, 89, 44, 118, 107, 61, 162, 102, 9, 56, 181, 93, 111, 22, 59, 116, 230, 237, 100, 178, 77, 173, 214, 215, 27, 24, 13, 186, 239, 100, 185, 77, 231, 54, 43, 29, 218, 199, 116, 178, 93, 172, 147, 59, 173, 206, 237, 57, 184, 218, 173, 119, 169, 173, 174, 105, 117, 155, 93, 174, 150, 139, 13, 174, 109, 113, 186, 93, 239, 22, 171, 189, 222, 195, 98, 177, 89, 173, 211, 155, 20, 214, 233, 51, 187, 93, 103, 146, 251, 37, 166, 237, 62, 46, 34, 144, 90, 108, 147, 218, 228, 138, 199, 111, 182, 91, 44, 55, 11, 157, 150, 191, 50, 89, 144, 88, 212, 110, 119, 57, 237, 226, 221, 121, 154, 77, 102, 151, 155, 201, 205, 198, 241, 53, 178, 205, 208, 238, 151, 89, 204, 226, 241, 103, 178, 206, 110, 22, 75, 69, 134, 201, 53, 184, 204, 238, 214, 75, 29, 154, 207, 104, 153, 130, 78, 45, 87, 91, 197, 142, 221, 57, 187, 89, 44, 147, 107, 117, 181, 198, 198, 3, 110, 187, 217, 46, 83, 121, 205, 138, 199, 118, 177, 221, 44, 151, 107, 36, 206, 235, 115, 187, 78, 110, 54, 171, 93, 234, 107, 107, 154, 93, 102, 215, 107, 165, 162, 195, 107, 155, 92, 110, 151, 123, 197, 170, 239, 119, 176, 216, 172, 86, 107, 116, 230, 197, 53, 186, 76, 238, 215, 89, 228, 190, 201, 105, 187, 79, 139, 136, 164, 22, 155, 36, 246, 185, 34, 177, 219, 237, 150, 203, 13, 194, 231, 101, 175, 204, 150, 100, 22, 53, 27, 157, 206, 123, 120, 183, 94, 102, 147, 89, 165, 230, 242, 115, 113, 188, 77, 108, 179, 116, 59, 165, 214, 115, 56, 188, 89, 224, 0, 

HS(5,3)
Compressed data: 152, 129, 192, 224, 112, 56, 28, 14, 7, 3, 129, 192, 224, 112, 56, 28, 14, 7, 3, 129, 192, 224, 112, 56, 28, 14, 7, 3, 129, 192, 224, 112, 56, 28, 14, 7, 3, 129, 192, 224, 112, 56, 28, 14, 7, 3, 129, 192, 224, 112, 56, 28, 14, 7, 3, 129, 192, 224, 112, 56, 28, 14, 7, 3, 129, 192, 224, 112, 56, 28, 14, 7, 3, 129, 192, 224, 112, 56, 28, 14, 7, 3, 129, 192, 224, 112, 56, 28, 14, 7, 3, 129, 192, 224, 112, 56, 28, 14, 7, 3, 129, 192, 224, 112, 56, 28, 14, 7, 3, 129, 192, 224, 112, 56, 28, 14, 7, 3, 129, 192, 224, 112, 56, 28, 14, 7, 3, 129, 192, 224, 112, 56, 28, 14, 7, 3, 129, 192, 224, 24, 0, 
Polled: 141

Compressed data: 158, 75, 236, 150, 155, 180, 248, 92, 34, 144, 90, 108, 147, 218, 228, 138, 199, 111, 182, 91, 44, 55, 11, 157, 150, 191, 50, 44, 200, 44, 101, 27, 157, 206, 123, 120, 183, 94, 102, 147, 89, 165, 230, 242, 57, 184, 222, 38, 182, 89, 185, 14, 233, 117, 156, 206, 47, 22, 123, 44, 230, 225, 100, 180, 88, 108, 147, 91, 140, 206, 237, 100, 177, 217, 172, 246, 137, 152, 18, 113, 106, 186, 222, 44, 118, 233, 202, 70, 201, 54, 183, 91, 78, 54, 48, 13, 186, 239, 100, 185, 77, 231, 54, 43, 29, 218, 199, 116, 178, 44, 102, 119, 91, 157, 218, 115, 113, 181, 90, 239, 83, 91, 92, 210, 235, 54, 187, 93, 45, 22, 27, 92, 218, 227, 116, 187, 222, 45, 87, 123, 189, 134, 197, 98, 179, 91, 167, 54, 41, 173, 210, 103, 118, 186, 217, 230, 119, 139, 29, 170, 225, 112, 154, 218, 231, 22, 59, 197, 180, 35, 52, 178, 14, 76, 55, 91, 108, 218, 105, 109, 154, 90, 237, 22, 27, 173, 202, 205, 54, 186, 94, 174, 55, 153, 157, 222, 237, 115, 183, 94, 172, 83, 123, 13, 226, 107, 112, 188, 76, 172, 55, 107, 149, 150, 235, 97, 179, 77, 109, 87, 123, 165, 218, 103, 56, 153, 93, 174, 214, 139, 37, 142, 195, 54, 183, 77, 239, 83, 105, 149, 230, 227, 98, 177, 221, 173, 83, 121, 197, 214, 203, 54, 155, 90, 238, 51, 139, 141, 234, 197, 97, 182, 217, 236, 118, 251, 101, 178, 195, 112, 185, 217, 100, 4, 121, 5, 166, 221, 92, 145, 79, 167, 150, 75, 77, 217, 34, 129, 185, 220, 231, 166, 155, 133, 134, 221, 101, 182, 75, 108, 86, 251, 37, 230, 64, 81, 150, 204, 102, 175, 170, 101, 190, 229, 101, 182, 200, 45, 55, 11, 157, 212, 83, 100, 183, 219, 13, 50, 11, 157, 166, 233, 32, 176, 219, 108, 183, 73, 100, 130, 203, 115, 37, 89, 172, 214, 91, 144, 198, 223, 99, 186, 220, 174, 68, 21, 76, 128, 130, 193, 185, 217, 108, 146, 11, 117, 149, 67, 114, 176, 221, 45, 54, 249, 5, 146, 203, 108, 178, 219, 173, 44, 149, 77, 184, 35, 114, 32, 203, 164, 214, 235, 21, 206, 225, 59, 158, 75, 236, 150, 155, 180, 248, 92, 34, 144, 90, 108, 147, 218, 228, 138, 199, 111, 182, 91, 44, 55, 11, 157, 150, 191, 50, 44, 200, 44, 101, 27, 157, 205, 69, 112, 176, 219, 172, 182, 201, 107, 93, 98, 71, 180, 219, 155, 51, 233, 229, 146, 211, 118, 72, 160, 110, 119, 57, 233, 166, 225, 97, 183, 89, 109, 146, 219, 21, 190, 201, 121, 144, 20, 101, 179, 25, 171, 234, 153, 111, 185, 89, 109, 178, 11, 77, 194, 231, 117, 20, 217, 45, 246, 195, 76, 130, 231, 105, 186, 72, 44, 54, 219, 45, 210, 89, 32, 178, 220, 201, 86, 107, 53, 150, 228, 49, 183, 216, 238, 183, 43, 145, 5, 83, 32, 32, 176, 110, 118, 91, 36, 130, 221, 101, 123, 189, 222, 211, 57, 148, 210, 101, 32, 158, 75, 236, 150, 155, 180, 248, 92, 34, 144, 90, 108, 147, 218, 228, 138, 199, 111, 182, 91, 44, 55, 11, 157, 150, 191, 50, 44, 200, 44, 101, 27, 157, 206, 123, 120, 183, 94, 102, 147, 89, 165, 230, 242, 57, 184, 222, 38, 182, 89, 185, 14, 233, 117, 156, 206, 47, 22, 123, 44, 230, 225, 100, 180, 88, 108, 147, 91, 140, 206, 237, 100, 177, 217, 172, 246, 137, 152, 18, 113, 106, 186, 222, 44, 118, 233, 202, 70, 201, 54, 183, 91, 78, 54, 48, 13, 186, 239, 100, 185, 77, 231, 54, 43, 29, 218, 199, 116, 178, 44, 102, 119, 91, 157, 218, 115, 113, 181, 90, 239, 83, 91, 92, 210, 235, 54, 187, 93, 45, 22, 27, 92, 218, 227, 116, 187, 222, 45, 87, 123, 189, 134, 197, 98, 179, 91, 167, 54, 41, 173, 210, 103, 118, 186, 207, 37, 246, 75, 77, 218, 124, 46, 17, 72, 45, 54, 73, 237, 114, 69, 99, 183, 219, 45, 150, 27, 133, 206, 203, 95, 153, 22, 100, 22, 50, 141, 206, 231, 61, 188, 91, 175, 51, 73, 172, 210, 243, 121, 28, 220, 111, 19, 91, 44, 220, 135, 116, 186, 206, 103, 23, 139, 61, 150, 115, 112, 178, 90, 44, 54, 73, 173, 198, 103, 118, 178, 88, 236, 214, 123, 68, 204, 9, 56, 181, 93, 111, 22, 59, 116, 229, 35, 100, 155, 91, 173, 167, 27, 24, 6, 221, 119, 178, 92, 166, 243, 155, 21, 142, 237, 99, 186, 89, 22, 51, 59, 173, 206, 237, 57, 184, 218, 173, 119, 169, 173, 174, 105, 117, 155, 93, 174, 150, 139, 13, 174, 109, 113, 186, 93, 239, 22, 171, 189, 222, 195, 98, 177, 89, 173, 211, 155, 20, 214, 233, 51, 187, 93, 103, 146, 251, 37, 166, 237, 62, 23, 8, 164, 22, 155, 36, 246, 185, 34, 177, 219, 237, 150, 203, 13, 194, 231, 101, 175, 204, 139, 50, 11, 25, 70, 231, 115, 158, 222, 45, 215, 153, 164, 214, 105, 121, 188, 142, 110, 55, 137, 173, 150, 110, 67, 186, 93, 103, 51, 139, 197, 158, 0, 
Polled: 908

HS(5,4) polled = 80
Compressed data: 152, 129, 224, 120, 30, 7, 129, 224, 120, 30, 7, 129, 224, 120, 30, 7, 129, 224, 120, 30, 7, 129, 224, 120, 30, 7, 129, 224, 120, 30, 7, 129, 224, 120, 30, 7, 129, 224, 120, 30, 7, 129, 224, 120, 30, 7, 129, 224, 120, 30, 7, 129, 224, 120, 30, 7, 129, 224, 120, 30, 7, 129, 224, 120, 30, 7, 129, 224, 120, 30, 7, 129, 224, 120, 30, 7, 129, 224, 12, 0, 

HS(5,4) polled = 917
Compressed data: 158, 75, 236, 150, 155, 180, 248, 86, 16, 164, 22, 155, 36, 246, 185, 34, 177, 219, 237, 150, 203, 13, 194, 231, 101, 175, 204, 139, 25, 5, 140, 161, 185, 220, 231, 183, 139, 117, 230, 105, 53, 154, 94, 111, 35, 141, 198, 241, 53, 178, 205, 200, 59, 165, 214, 115, 56, 188, 89, 236, 179, 155, 133, 146, 209, 97, 178, 77, 110, 51, 59, 181, 146, 199, 102, 179, 218, 38, 96, 36, 226, 213, 117, 188, 88, 237, 211, 148, 134, 201, 54, 183, 91, 78, 27, 24, 3, 110, 187, 217, 46, 83, 121, 205, 138, 199, 118, 177, 221, 44, 139, 12, 206, 235, 115, 187, 78, 110, 54, 171, 93, 234, 107, 107, 154, 93, 102, 215, 107, 165, 162, 195, 107, 155, 92, 110, 151, 123, 197, 170, 239, 119, 176, 216, 172, 86, 107, 116, 230, 197, 53, 186, 76, 238, 215, 91, 60, 206, 241, 99, 181, 92, 46, 19, 91, 92, 226, 199, 120, 182, 132, 51, 75, 32, 226, 96, 221, 109, 179, 105, 165, 182, 105, 107, 180, 88, 110, 183, 43, 52, 218, 233, 122, 184, 222, 102, 119, 123, 181, 206, 221, 122, 177, 77, 236, 55, 137, 173, 194, 241, 50, 176, 221, 174, 86, 91, 173, 134, 205, 53, 181, 93, 238, 151, 105, 156, 226, 101, 118, 187, 90, 44, 150, 59, 12, 218, 221, 55, 189, 77, 166, 87, 155, 141, 138, 199, 118, 181, 77, 231, 23, 91, 44, 218, 109, 107, 184, 206, 46, 55, 171, 21, 134, 219, 103, 177, 219, 237, 150, 203, 13, 194, 231, 101, 144, 17, 22, 155, 117, 114, 69, 62, 158, 89, 45, 55, 100, 133, 1, 185, 220, 231, 166, 141, 194, 195, 110, 178, 219, 37, 182, 43, 125, 146, 243, 32, 40, 101, 179, 25, 171, 229, 76, 183, 220, 172, 182, 217, 5, 166, 225, 115, 186, 138, 54, 75, 125, 176, 209, 144, 92, 237, 55, 73, 5, 134, 219, 101, 186, 75, 36, 22, 91, 153, 37, 102, 179, 89, 110, 67, 13, 190, 199, 117, 185, 92, 136, 21, 70, 64, 64, 176, 55, 59, 45, 146, 65, 110, 178, 168, 55, 43, 13, 210, 211, 111, 144, 89, 44, 182, 203, 45, 186, 210, 200, 170, 54, 224, 134, 228, 64, 203, 164, 214, 235, 21, 206, 225, 59, 158, 75, 236, 150, 155, 180, 248, 86, 16, 164, 22, 155, 36, 246, 185, 34, 177, 219, 237, 150, 203, 13, 194, 231, 101, 175, 204, 139, 25, 5, 140, 161, 185, 220, 212, 43, 133, 134, 221, 101, 182, 75, 90, 117, 132, 135, 180, 219, 155, 25, 244, 242, 201, 105, 187, 36, 40, 13, 206, 231, 61, 52, 110, 22, 27, 117, 150, 217, 45, 177, 91, 236, 151, 153, 1, 67, 45, 152, 205, 95, 42, 101, 190, 229, 101, 182, 200, 45, 55, 11, 157, 212, 81, 178, 91, 237, 134, 140, 130, 231, 105, 186, 72, 44, 54, 219, 45, 210, 89, 32, 178, 220, 201, 43, 53, 154, 203, 114, 24, 109, 246, 59, 173, 202, 228, 64, 170, 50, 2, 5, 129, 185, 217, 108, 146, 11, 117, 149, 239, 121, 166, 115, 41, 164, 202, 65, 60, 151, 217, 45, 55, 105, 240, 172, 33, 72, 45, 54, 73, 237, 114, 69, 99, 183, 219, 45, 150, 27, 133, 206, 203, 95, 153, 22, 50, 11, 25, 67, 115, 185, 207, 111, 22, 235, 204, 210, 107, 52, 188, 222, 71, 27, 141, 226, 107, 101, 155, 144, 119, 75, 172, 230, 113, 120, 179, 217, 103, 55, 11, 37, 162, 195, 100, 154, 220, 102, 119, 107, 37, 142, 205, 103, 180, 76, 192, 73, 197, 170, 235, 120, 177, 219, 167, 41, 13, 146, 109, 110, 182, 156, 54, 48, 6, 221, 119, 178, 92, 166, 243, 155, 21, 142, 237, 99, 186, 89, 22, 25, 157, 214, 231, 118, 156, 220, 109, 86, 187, 212, 214, 215, 52, 186, 205, 174, 215, 75, 69, 134, 215, 54, 184, 221, 46, 247, 139, 85, 222, 239, 97, 177, 88, 172, 214, 233, 205, 138, 107, 116, 153, 221, 174, 179, 201, 125, 146, 211, 118, 159, 10, 194, 20, 130, 211, 100, 158, 215, 36, 86, 59, 125, 178, 217, 97, 184, 92, 236, 181, 249, 145, 99, 32, 177, 148, 55, 59, 156, 246, 241, 110, 188, 205, 38, 179, 75, 205, 228, 113, 184, 222, 38, 182, 89, 185, 7, 116, 186, 206, 103, 23, 139, 61, 150, 115, 112, 178, 90, 44, 54, 73, 173, 198, 103, 118, 178, 88, 236, 214, 123, 68, 204, 4, 156, 90, 174, 183, 139, 29, 186, 114, 144, 217, 38, 214, 235, 105, 195, 99, 0, 109, 215, 123, 37, 202, 111, 57, 177, 88, 238, 214, 59, 165, 145, 97, 153, 221, 110, 119, 105, 205, 198, 213, 107, 189, 77, 109, 115, 75, 172, 218, 237, 116, 180, 88, 109, 115, 107, 141, 210, 239, 120, 181, 93, 238, 246, 27, 21, 138, 205, 110, 156, 216, 166, 183, 73, 157, 218, 235, 60, 151, 217, 45, 55, 105, 240, 172, 33, 72, 45, 54, 73, 237, 114, 69, 99, 183, 219, 45, 150, 27, 133, 206, 203, 95, 153, 22, 50, 11, 25, 67, 115, 185, 207, 111, 22, 235, 204, 210, 107, 52, 188, 222, 71, 27, 141, 226, 107, 101, 155, 144, 119, 75, 172, 230, 113, 120, 179, 192, 0, 

HS(6,3)
Compressed data: 152, 128, 224, 56, 14, 3, 128, 224, 56, 14, 3, 128, 224, 56, 14, 3, 128, 224, 56, 14, 3, 128, 224, 56, 14, 3, 128, 224, 56, 14, 3, 128, 224, 56, 14, 3, 128, 224, 56, 14, 3, 128, 224, 56, 14, 3, 128, 224, 56, 14, 3, 128, 224, 56, 14, 3, 128, 224, 56, 14, 3, 128, 224, 56, 14, 3, 128, 224, 56, 14, 3, 128, 224, 56, 14, 3, 128, 224, 56, 14, 3, 128, 224, 56, 14, 3, 128, 224, 56, 14, 3, 128, 224, 56, 14, 3, 128, 224, 56, 14, 3, 128, 224, 56, 14, 3, 128, 224, 56, 14, 3, 128, 224, 56, 14, 3, 128, 224, 56, 14, 3, 128, 224, 56, 14, 3, 128, 224, 56, 14, 3, 128, 224, 56, 14, 3, 128, 224, 56, 14, 3, 128, 224, 56, 14, 3, 128, 224, 56, 14, 3, 128, 224, 56, 3, 0, 
Polled: 156

Compressed data: 158, 75, 236, 150, 155, 180, 248, 46, 8, 164, 22, 155, 36, 246, 185, 34, 177, 219, 237, 150, 203, 13, 194, 231, 101, 175, 204, 133, 153, 5, 140, 81, 185, 220, 231, 183, 139, 117, 230, 105, 53, 154, 94, 111, 33, 205, 198, 241, 53, 178, 205, 196, 59, 165, 214, 115, 56, 188, 89, 236, 179, 155, 133, 146, 209, 97, 178, 77, 110, 51, 59, 181, 146, 199, 102, 179, 218, 38, 96, 36, 226, 213, 117, 188, 88, 237, 211, 146, 70, 201, 54, 183, 91, 71, 27, 24, 3, 110, 187, 217, 46, 83, 121, 205, 138, 199, 118, 177, 221, 44, 133, 140, 206, 235, 115, 187, 78, 110, 54, 171, 93, 234, 107, 107, 154, 93, 102, 215, 107, 165, 162, 195, 107, 155, 92, 110, 151, 123, 197, 170, 239, 119, 176, 216, 172, 86, 103, 38, 197, 53, 186, 76, 238, 215, 91, 60, 206, 241, 99, 181, 92, 46, 9, 12, 226, 199, 120, 182, 130, 51, 75, 32, 114, 48, 221, 109, 179, 105, 165, 182, 105, 107, 100, 110, 183, 43, 52, 218, 233, 122, 184, 222, 102, 119, 123, 181, 206, 221, 122, 177, 77, 236, 55, 137, 173, 194, 241, 50, 176, 221, 174, 86, 91, 173, 134, 205, 53, 181, 93, 238, 151, 105, 156, 226, 101, 118, 187, 90, 44, 150, 59, 12, 218, 221, 55, 189, 77, 166, 87, 155, 141, 138, 199, 118, 181, 77, 231, 23, 91, 44, 218, 109, 107, 184, 206, 46, 44, 205, 134, 219, 103, 177, 219, 237, 150, 203, 13, 194, 231, 101, 144, 8, 242, 11, 77, 186, 185, 34, 159, 79, 44, 150, 155, 177, 34, 64, 220, 238, 115, 209, 166, 225, 97, 183, 89, 109, 146, 219, 21, 190, 201, 121, 144, 10, 50, 217, 140, 212, 250, 166, 91, 238, 86, 91, 106, 162, 188, 221, 66, 155, 35, 146, 52, 200, 46, 118, 155, 164, 130, 195, 109, 178, 221, 37, 146, 11, 45, 204, 74, 179, 89, 172, 183, 32, 198, 223, 99, 186, 220, 148, 16, 36, 73, 16, 76, 27, 157, 150, 201, 32, 183, 89, 74, 27, 149, 134, 233, 105, 183, 182, 54, 91, 101, 150, 220, 209, 21, 54, 224, 70, 228, 32, 203, 164, 214, 235, 21, 206, 225, 59, 158, 75, 236, 150, 155, 180, 248, 46, 8, 164, 22, 155, 36, 246, 185, 34, 177, 219, 237, 150, 203, 13, 193, 57, 175, 204, 133, 153, 5, 140, 81, 185, 220, 202, 43, 133, 134, 221, 101, 182, 75, 77, 114, 196, 71, 180, 219, 141, 151, 117, 79, 83, 108, 86, 251, 37, 230, 64, 40, 203, 102, 51, 83, 234, 153, 111, 185, 89, 109, 170, 138, 243, 117, 10, 108, 142, 72, 211, 32, 185, 218, 110, 146, 11, 13, 182, 203, 116, 150, 72, 44, 183, 49, 42, 205, 102, 178, 220, 131, 27, 125, 142, 235, 114, 80, 64, 145, 36, 65, 48, 110, 118, 91, 36, 130, 221, 101, 61, 207, 115, 218, 103, 50, 154, 76, 164, 19, 201, 125, 146, 211, 118, 159, 5, 193, 20, 130, 211, 100, 158, 215, 36, 86, 59, 125, 178, 217, 97, 184, 61, 53, 249, 144, 178, 164, 138, 55, 59, 156, 246, 241, 110, 188, 205, 38, 179, 75, 205, 228, 57, 184, 222, 38, 182, 89, 184, 135, 116, 186, 206, 103, 23, 139, 61, 150, 115, 112, 178, 90, 44, 54, 73, 173, 198, 103, 118, 178, 88, 236, 214, 123, 68, 204, 4, 156, 90, 174, 183, 139, 29, 186, 114, 72, 217, 38, 214, 235, 104, 227, 99, 0, 109, 215, 123, 37, 202, 111, 57, 177, 88, 238, 214, 59, 165, 144, 177, 153, 221, 110, 119, 105, 205, 198, 213, 107, 189, 77, 109, 115, 75, 172, 218, 237, 116, 180, 88, 109, 115, 107, 141, 210, 239, 120, 181, 93, 238, 246, 27, 21, 138, 204, 228, 216, 166, 183, 73, 157, 218, 235, 60, 151, 217, 45, 55, 105, 240, 92, 17, 72, 45, 54, 73, 237, 114, 69, 99, 183, 219, 45, 150, 27, 133, 206, 203, 95, 153, 11, 50, 11, 24, 163, 115, 185, 207, 111, 22, 235, 204, 210, 107, 52, 188, 222, 67, 155, 141, 226, 107, 101, 155, 136, 119, 75, 172, 230, 113, 120, 179, 217, 103, 55, 11, 37, 162, 195, 100, 154, 220, 102, 119, 107, 37, 142, 205, 103, 180, 76, 192, 73, 197, 170, 235, 120, 177, 219, 167, 36, 141, 146, 109, 110, 182, 142, 54, 48, 6, 221, 119, 178, 92, 166, 243, 155, 21, 142, 237, 99, 186, 89, 11, 25, 157, 214, 231, 118, 156, 220, 109, 86, 187, 212, 214, 215, 52, 186, 205, 174, 215, 75, 69, 134, 215, 54, 184, 221, 46, 247, 139, 85, 222, 239, 97, 177, 88, 172, 206, 77, 138, 107, 116, 153, 221, 174, 179, 201, 125, 146, 211, 118, 159, 5, 193, 20, 130, 211, 100, 158, 215, 36, 86, 59, 125, 178, 217, 97, 184, 92, 236, 181, 249, 144, 179, 32, 177, 138, 55, 59, 156, 246, 241, 110, 188, 205, 38, 179, 75, 205, 228, 57, 184, 222, 38, 182, 89, 184, 135, 116, 186, 206, 103, 23, 139, 60, 0, 
Polled: 884

HS(6,4)
Compressed data: 152, 128, 240, 30, 3, 192, 120, 15, 1, 224, 60, 7, 128, 240, 30, 3, 192, 120, 15, 1, 224, 60, 7, 128, 240, 30, 3, 192, 120, 15, 1, 224, 60, 7, 128, 240, 30, 3, 192, 120, 15, 1, 224, 60, 7, 128, 240, 30, 3, 192, 120, 15, 1, 224, 60, 7, 128, 240, 30, 3, 192, 120, 15, 1, 224, 60, 7, 128, 240, 30, 3, 192, 120, 15, 1, 224, 60, 7, 128, 240, 30, 3, 192, 120, 15, 0, 48, 0, 
Polled: 88

Compressed data: 158, 75, 236, 150, 155, 180, 248, 43, 4, 41, 5, 166, 201, 61, 174, 72, 172, 118, 251, 101, 178, 195, 112, 185, 217, 107, 243, 33, 99, 32, 177, 138, 27, 157, 206, 123, 120, 183, 94, 102, 147, 89, 165, 230, 242, 28, 110, 55, 137, 173, 150, 110, 32, 238, 151, 89, 204, 226, 241, 103, 178, 206, 110, 22, 75, 69, 134, 201, 53, 184, 204, 238, 214, 75, 29, 154, 207, 104, 153, 128, 73, 197, 170, 235, 120, 177, 219, 167, 36, 134, 201, 54, 183, 91, 71, 13, 140, 0, 219, 174, 246, 75, 148, 222, 115, 98, 177, 221, 172, 119, 75, 33, 97, 153, 221, 110, 119, 105, 205, 198, 213, 107, 189, 77, 109, 115, 75, 172, 218, 237, 116, 180, 88, 109, 115, 107, 141, 210, 239, 120, 181, 93, 238, 246, 27, 21, 138, 204, 228, 108, 83, 91, 164, 206, 237, 117, 179, 204, 239, 22, 59, 85, 194, 224, 144, 103, 22, 59, 197, 180, 16, 205, 44, 129, 196, 96, 221, 109, 179, 105, 165, 182, 105, 107, 100, 55, 91, 149, 154, 109, 116, 189, 92, 111, 51, 59, 189, 218, 231, 110, 189, 88, 166, 246, 27, 196, 214, 225, 120, 153, 88, 110, 215, 43, 45, 214, 195, 102, 154, 218, 174, 247, 75, 180, 206, 113, 50, 187, 93, 173, 22, 75, 29, 134, 109, 110, 155, 222, 166, 211, 43, 205, 198, 197, 99, 187, 90, 166, 243, 139, 173, 150, 109, 54, 181, 220, 103, 23, 22, 99, 97, 182, 217, 236, 118, 251, 101, 178, 195, 112, 185, 217, 100, 2, 34, 211, 110, 174, 72, 167, 211, 203, 37, 166, 236, 72, 72, 13, 206, 231, 61, 26, 55, 11, 13, 186, 203, 108, 150, 216, 173, 246, 75, 204, 128, 80, 203, 102, 51, 83, 229, 76, 183, 220, 172, 182, 213, 66, 188, 110, 161, 70, 200, 228, 70, 140, 130, 231, 105, 186, 72, 44, 54, 219, 45, 210, 89, 32, 178, 220, 196, 149, 154, 205, 101, 185, 6, 27, 125, 142, 235, 114, 80, 32, 68, 72, 136, 19, 3, 115, 178, 217, 36, 22, 235, 41, 65, 185, 88, 110, 150, 155, 123, 97, 178, 219, 44, 182, 230, 132, 84, 109, 192, 134, 228, 32, 101, 210, 107, 117, 138, 231, 112, 157, 207, 37, 246, 75, 77, 218, 124, 21, 130, 20, 130, 211, 100, 158, 215, 36, 86, 59, 125, 178, 217, 97, 184, 39, 26, 252, 200, 88, 200, 44, 98, 134, 231, 115, 40, 87, 11, 13, 186, 203, 108, 150, 154, 114, 194, 33, 237, 54, 227, 98, 237, 84, 237, 138, 223, 100, 188, 200, 5, 12, 182, 99, 53, 62, 84, 203, 125, 202, 203, 109, 84, 43, 198, 234, 20, 108, 142, 68, 104, 200, 46, 118, 155, 164, 130, 195, 109, 178, 221, 37, 146, 11, 45, 204, 73, 89, 172, 214, 91, 144, 97, 183, 216, 238, 183, 37, 2, 4, 68, 136, 129, 48, 55, 59, 45, 146, 65, 110, 178, 158, 243, 205, 51, 153, 77, 38, 82, 9, 228, 190, 201, 105, 187, 79, 130, 176, 66, 144, 90, 108, 147, 218, 228, 138, 199, 111, 182, 91, 44, 55, 7, 163, 95, 153, 11, 21, 34, 40, 110, 119, 57, 237, 226, 221, 121, 154, 77, 102, 151, 155, 200, 113, 184, 222, 38, 182, 89, 184, 131, 186, 93, 103, 51, 139, 197, 158, 203, 57, 184, 89, 45, 22, 27, 36, 214, 227, 51, 187, 89, 44, 118, 107, 61, 162, 102, 1, 39, 22, 171, 173, 226, 199, 110, 156, 146, 27, 36, 218, 221, 109, 28, 54, 48, 3, 110, 187, 217, 46, 83, 121, 205, 138, 199, 118, 177, 221, 44, 133, 134, 103, 117, 185, 221, 167, 55, 27, 85, 174, 245, 53, 181, 205, 46, 179, 107, 181, 210, 209, 97, 181, 205, 174, 55, 75, 189, 226, 213, 119, 187, 216, 108, 86, 43, 51, 145, 177, 77, 110, 147, 59, 181, 214, 121, 47, 178, 90, 110, 211, 224, 172, 16, 164, 22, 155, 36, 246, 185, 34, 177, 219, 237, 150, 203, 13, 194, 231, 101, 175, 204, 133, 140, 130, 198, 40, 110, 119, 57, 237, 226, 221, 121, 154, 77, 102, 151, 155, 200, 113, 184, 222, 38, 182, 89, 184, 131, 186, 93, 103, 51, 139, 197, 158, 203, 57, 184, 89, 45, 22, 27, 36, 214, 227, 51, 187, 89, 44, 118, 107, 61, 162, 102, 1, 39, 22, 171, 173, 226, 199, 110, 156, 146, 27, 36, 218, 221, 109, 28, 54, 48, 3, 110, 187, 217, 46, 83, 121, 205, 138, 199, 118, 177, 221, 44, 133, 134, 103, 117, 185, 221, 167, 55, 27, 85, 174, 245, 53, 181, 205, 46, 179, 107, 181, 210, 209, 97, 181, 205, 174, 55, 75, 189, 226, 213, 119, 187, 216, 108, 86, 43, 51, 145, 177, 77, 110, 147, 59, 181, 214, 121, 47, 178, 90, 110, 211, 224, 172, 16, 164, 22, 155, 36, 246, 185, 34, 177, 219, 237, 150, 203, 13, 194, 231, 101, 175, 204, 133, 140, 130, 198, 40, 110, 119, 57, 237, 226, 221, 121, 154, 77, 102, 151, 155, 200, 113, 184, 222, 38, 182, 89, 184, 131, 186, 93, 103, 51, 139, 197, 158, 0, 
Polled: 893


HS(6,5) polled = 49
Compressed data: 152, 128, 248, 15, 128, 248, 15, 128, 248, 15, 128, 248, 15, 128, 248, 15, 128, 248, 15, 128, 248, 15, 128, 248, 15, 128, 248, 15, 128, 248, 15, 128, 248, 15, 128, 248, 15, 128, 248, 15, 128, 248, 15, 128, 248, 15, 128, 140, 0, 

HS(6,5) polled = 905
Compressed data: 158, 75, 236, 150, 155, 180, 248, 41, 130, 10, 65, 105, 178, 79, 107, 146, 43, 29, 190, 217, 108, 176, 220, 46, 118, 90, 252, 200, 88, 100, 22, 49, 65, 185, 220, 231, 183, 139, 117, 230, 105, 53, 154, 94, 111, 33, 195, 113, 188, 77, 108, 179, 113, 3, 186, 93, 103, 51, 139, 197, 158, 203, 57, 184, 89, 45, 22, 27, 36, 214, 227, 51, 187, 89, 44, 118, 107, 61, 162, 102, 0, 147, 139, 85, 214, 241, 99, 183, 78, 73, 6, 201, 54, 183, 91, 71, 6, 198, 0, 54, 235, 189, 146, 229, 55, 156, 216, 172, 119, 107, 29, 210, 200, 88, 51, 59, 173, 206, 237, 57, 184, 218, 173, 119, 169, 173, 174, 105, 117, 155, 93, 174, 150, 139, 13, 174, 109, 113, 186, 93, 239, 22, 171, 189, 222, 195, 98, 177, 89, 156, 134, 197, 53, 186, 76, 238, 215, 91, 60, 206, 241, 99, 181, 92, 46, 9, 3, 56, 177, 222, 45, 160, 131, 52, 178, 7, 8, 192, 221, 109, 179, 105, 165, 182, 105, 107, 100, 27, 173, 202, 205, 54, 186, 94, 174, 55, 153, 157, 222, 237, 115, 183, 94, 172, 83, 123, 13, 226, 107, 112, 188, 76, 172, 55, 107, 149, 150, 235, 97, 179, 77, 109, 87, 123, 165, 218, 103, 56, 153, 93, 174, 214, 139, 37, 142, 195, 54, 183, 77, 239, 83, 105, 149, 230, 227, 98, 177, 221, 173, 83, 121, 197, 214, 203, 54, 155, 90, 238, 51, 139, 139, 48, 216, 109, 182, 123, 29, 190, 217, 108, 176, 220, 46, 118, 89, 0, 132, 90, 109, 213, 201, 20, 250, 121, 100, 180, 221, 137, 4, 128, 110, 119, 57, 232, 208, 220, 44, 54, 235, 45, 178, 91, 98, 183, 217, 47, 50, 1, 65, 150, 204, 102, 167, 197, 76, 183, 220, 172, 182, 213, 65, 94, 27, 168, 80, 217, 28, 132, 104, 100, 23, 59, 77, 210, 65, 97, 182, 217, 110, 146, 201, 5, 150, 230, 36, 86, 107, 53, 150, 228, 24, 54, 251, 29, 214, 228, 160, 32, 66, 36, 34, 2, 96, 55, 59, 45, 146, 65, 110, 178, 148, 13, 202, 195, 116, 180, 219, 219, 6, 203, 108, 178, 219, 154, 8, 168, 109, 192, 131, 114, 16, 25, 116, 154, 221, 98, 185, 220, 39, 115, 201, 125, 146, 211, 118, 159, 5, 48, 65, 72, 45, 54, 73, 237, 114, 69, 99, 183, 219, 45, 150, 27, 130, 112, 215, 230, 66, 195, 32, 177, 138, 13, 206, 230, 80, 87, 11, 13, 186, 203, 108, 150, 154, 57, 96, 136, 61, 166, 220, 108, 46, 202, 165, 182, 43, 125, 146, 243, 32, 20, 25, 108, 198, 106, 124, 84, 203, 125, 202, 203, 109, 84, 21, 225, 186, 133, 13, 145, 200, 70, 134, 65, 115, 180, 221, 36, 22, 27, 109, 150, 233, 44, 144, 89, 110, 98, 69, 102, 179, 89, 110, 65, 131, 111, 177, 221, 110, 74, 2, 4, 34, 66, 32, 38, 3, 115, 178, 217, 36, 22, 235, 41, 235, 76, 230, 83, 73, 148, 130, 121, 47, 178, 90, 110, 211, 224, 166, 8, 41, 5, 166, 201, 61, 174, 72, 172, 118, 251, 101, 178, 195, 112, 122, 26, 252, 200, 88, 84, 132, 80, 110, 119, 57, 237, 226, 221, 121, 154, 77, 102, 151, 155, 200, 112, 220, 111, 19, 91, 44, 220, 64, 238, 151, 89, 204, 226, 241, 103, 178, 206, 110, 22, 75, 69, 134, 201, 53, 184, 204, 238, 214, 75, 29, 154, 207, 104, 153, 128, 36, 226, 213, 117, 188, 88, 237, 211, 146, 65, 178, 77, 173, 214, 209, 193, 177, 128, 13, 186, 239, 100, 185, 77, 231, 54, 43, 29, 218, 199, 116, 178, 22, 12, 206, 235, 115, 187, 78, 110, 54, 171, 93, 234, 107, 107, 154, 93, 102, 215, 107, 165, 162, 195, 107, 155, 92, 110, 151, 123, 197, 170, 239, 119, 176, 216, 172, 86, 103, 33, 177, 77, 110, 147, 59, 181, 214, 121, 47, 178, 90, 110, 211, 224, 166, 8, 41, 5, 166, 201, 61, 174, 72, 172, 118, 251, 101, 178, 195, 112, 185, 217, 107, 243, 33, 97, 144, 88, 197, 6, 231, 115, 158, 222, 45, 215, 153, 164, 214, 105, 121, 188, 135, 13, 198, 241, 53, 178, 205, 196, 14, 233, 117, 156, 206, 47, 22, 123, 44, 230, 225, 100, 180, 88, 108, 147, 91, 140, 206, 237, 100, 177, 217, 172, 246, 137, 152, 2, 78, 45, 87, 91, 197, 142, 221, 57, 36, 27, 36, 218, 221, 109, 28, 27, 24, 0, 219, 174, 246, 75, 148, 222, 115, 98, 177, 221, 172, 119, 75, 33, 96, 204, 238, 183, 59, 180, 230, 227, 106, 181, 222, 166, 182, 185, 165, 214, 109, 118, 186, 90, 44, 54, 185, 181, 198, 233, 119, 188, 90, 174, 247, 123, 13, 138, 197, 102, 114, 27, 20, 214, 233, 51, 187, 93, 103, 146, 251, 37, 166, 237, 62, 10, 96, 130, 144, 90, 108, 147, 218, 228, 138, 199, 111, 182, 91, 44, 55, 11, 157, 150, 191, 50, 22, 25, 5, 140, 80, 110, 119, 57, 237, 226, 221, 121, 154, 77, 102, 151, 155, 200, 112, 220, 111, 19, 91, 44, 220, 64, 238, 151, 89, 204, 226, 241, 103, 128, 0, 

HS(7,3)
Compressed data: 152, 128, 112, 14, 1, 192, 56, 7, 0, 224, 28, 3, 128, 112, 14, 1, 192, 56, 7, 0, 224, 28, 3, 128, 112, 14, 1, 192, 56, 7, 0, 224, 28, 3, 128, 112, 14, 1, 192, 56, 7, 0, 224, 28, 3, 128, 112, 14, 1, 192, 56, 7, 0, 224, 28, 3, 128, 112, 14, 1, 192, 56, 7, 0, 224, 28, 3, 128, 112, 14, 1, 192, 56, 7, 0, 224, 28, 3, 128, 112, 14, 1, 192, 56, 7, 0, 224, 28, 3, 128, 112, 14, 1, 192, 56, 7, 0, 224, 28, 3, 128, 112, 14, 1, 192, 56, 7, 0, 224, 28, 3, 128, 112, 14, 1, 192, 56, 7, 0, 224, 28, 3, 128, 112, 14, 1, 192, 56, 7, 0, 224, 28, 3, 128, 112, 14, 1, 192, 56, 7, 0, 224, 28, 3, 128, 112, 14, 1, 192, 56, 7, 0, 224, 28, 3, 128, 112, 14, 1, 192, 56, 7, 0, 224, 28, 3, 128, 112, 14, 0, 96, 0, 
Polled: 172

Compressed data: 158, 75, 236, 150, 155, 180, 248, 23, 2, 41, 5, 166, 201, 61, 174, 72, 172, 118, 251, 101, 178, 195, 112, 185, 217, 107, 243, 32, 179, 32, 177, 133, 27, 157, 206, 123, 120, 183, 94, 102, 147, 89, 165, 230, 242, 14, 110, 55, 137, 173, 150, 110, 16, 238, 151, 89, 204, 226, 241, 103, 178, 206, 110, 22, 75, 69, 134, 201, 53, 184, 204, 238, 214, 75, 29, 154, 207, 104, 153, 128, 73, 197, 170, 235, 120, 177, 219, 167, 34, 70, 201, 54, 183, 91, 67, 141, 140, 0, 219, 174, 246, 75, 148, 222, 115, 98, 177, 221, 172, 119, 75, 32, 177, 153, 221, 110, 119, 105, 205, 198, 213, 107, 189, 77, 109, 115, 75, 172, 218, 237, 116, 65, 54, 185, 181, 198, 233, 119, 188, 90, 174, 247, 123, 13, 138, 197, 102, 57, 54, 41, 173, 209, 64, 221, 108, 243, 52, 83, 106, 184, 92, 9, 12, 226, 199, 120, 182, 129, 25, 165, 144, 28, 134, 27, 173, 182, 109, 52, 182, 205, 45, 102, 70, 235, 114, 179, 77, 174, 151, 171, 141, 230, 103, 119, 187, 92, 237, 215, 171, 20, 222, 195, 120, 154, 220, 47, 19, 43, 13, 218, 229, 101, 186, 216, 108, 211, 84, 163, 116, 187, 76, 231, 19, 43, 181, 218, 209, 100, 177, 216, 102, 214, 233, 189, 234, 109, 50, 188, 220, 95, 213, 170, 111, 56, 186, 217, 102, 211, 107, 93, 198, 113, 113, 51, 54, 27, 109, 158, 199, 111, 182, 91, 44, 55, 11, 157, 150, 64, 17, 228, 22, 155, 117, 114, 69, 62, 158, 89, 45, 55, 97, 34, 32, 110, 119, 57, 232, 105, 184, 88, 109, 214, 91, 100, 182, 197, 111, 178, 94, 100, 1, 70, 91, 49, 154, 143, 170, 101, 189, 152, 219, 74, 137, 121, 186, 130, 155, 33, 201, 13, 50, 11, 157, 166, 233, 32, 79, 54, 91, 164, 178, 65, 101, 185, 132, 171, 53, 154, 203, 114, 6, 54, 251, 29, 214, 228, 80, 64, 72, 73, 8, 35, 5, 112, 217, 36, 9, 36, 80, 220, 172, 55, 75, 77, 188, 216, 169, 155, 45, 184, 209, 10, 155, 112, 17, 185, 4, 25, 116, 154, 221, 98, 185, 220, 39, 115, 201, 123, 210, 127, 32, 180, 17, 50, 27, 36, 245, 192, 216, 216, 205, 178, 194, 218, 108, 181, 249, 144, 89, 75, 33, 70, 231, 115, 20, 87, 11, 10, 105, 182, 75, 70, 184, 177, 8, 246, 155, 112, 217, 59, 165, 60, 166, 216, 173, 246, 75, 204, 128, 40, 203, 102, 51, 81, 245, 76, 183, 220, 172, 182, 210, 162, 94, 110, 160, 166, 200, 114, 67, 76, 130, 231, 105, 186, 72, 44, 54, 219, 45, 210, 89, 32, 178, 220, 194, 85, 154, 205, 101, 185, 3, 27, 125, 142, 235, 114, 40, 32, 36, 36, 132, 17, 130, 184, 108, 146, 4, 146, 61, 199, 184, 246, 153, 204, 166, 147, 41, 4, 242, 94, 238, 159, 8, 45, 4, 76, 38, 200, 254, 172, 108, 6, 217, 97, 106, 54, 90, 252, 200, 44, 148, 144, 163, 115, 185, 207, 111, 22, 235, 204, 210, 107, 52, 188, 222, 65, 205, 198, 241, 53, 178, 205, 194, 29, 210, 235, 57, 156, 94, 44, 246, 89, 205, 194, 201, 104, 176, 217, 38, 183, 25, 157, 218, 201, 99, 179, 89, 237, 19, 48, 9, 56, 181, 93, 111, 22, 59, 116, 228, 72, 217, 38, 214, 235, 104, 113, 177, 128, 27, 117, 222, 201, 114, 155, 206, 108, 86, 59, 181, 142, 233, 100, 22, 51, 59, 173, 206, 237, 57, 184, 218, 173, 119, 169, 173, 174, 105, 117, 155, 93, 174, 136, 38, 215, 54, 184, 221, 46, 247, 139, 85, 222, 239, 97, 177, 88, 172, 199, 38, 197, 53, 186, 40, 27, 172, 242, 95, 100, 180, 221, 167, 192, 184, 17, 72, 45, 54, 73, 237, 114, 69, 99, 183, 219, 45, 150, 27, 133, 206, 203, 95, 153, 5, 153, 5, 140, 40, 220, 238, 115, 219, 197, 186, 243, 52, 154, 205, 47, 55, 144, 115, 113, 188, 77, 108, 179, 112, 135, 116, 186, 206, 103, 23, 139, 61, 150, 115, 112, 178, 46, 27, 36, 214, 226, 154, 108, 150, 59, 53, 158, 209, 51, 0, 147, 139, 85, 214, 241, 99, 100, 34, 70, 201, 54, 183, 91, 67, 141, 140, 0, 219, 174, 246, 75, 148, 221, 212, 216, 238, 214, 59, 165, 144, 88, 204, 238, 183, 59, 180, 230, 227, 106, 181, 222, 166, 182, 185, 165, 214, 109, 118, 186, 32, 155, 92, 218, 227, 116, 187, 222, 45, 87, 123, 189, 134, 197, 98, 179, 28, 155, 20, 214, 232, 160, 110, 179, 201, 125, 146, 211, 118, 159, 2, 224, 69, 32, 180, 217, 39, 181, 201, 21, 142, 223, 108, 182, 88, 110, 23, 59, 45, 126, 100, 22, 100, 22, 48, 163, 115, 185, 207, 111, 22, 235, 204, 210, 107, 52, 188, 222, 65, 205, 198, 241, 53, 178, 205, 194, 29, 210, 235, 57, 156, 94, 44, 240, 0, 
Polled: 867

HS(7,4)
Compressed data: 152, 128, 120, 7, 128, 120, 7, 128, 120, 7, 128, 120, 7, 128, 120, 7, 128, 120, 7, 128, 120, 7, 128, 120, 7, 128, 120, 7, 128, 120, 7, 128, 120, 7, 128, 120, 7, 128, 120, 7, 128, 120, 7, 128, 120, 7, 128, 120, 7, 128, 120, 7, 128, 120, 7, 128, 120, 7, 128, 120, 7, 128, 120, 7, 128, 120, 7, 128, 120, 7, 128, 120, 7, 128, 120, 7, 128, 120, 7, 128, 120, 7, 128, 120, 7, 128, 120, 7, 128, 120, 7, 128, 120, 0, 192, 0, 
Polled: 96

Compressed data: 158, 75, 236, 150, 155, 180, 248, 21, 129, 10, 65, 105, 178, 79, 107, 146, 43, 29, 190, 217, 108, 176, 220, 46, 118, 90, 252, 200, 44, 100, 22, 48, 161, 185, 220, 231, 183, 139, 117, 230, 105, 53, 154, 94, 111, 32, 227, 113, 188, 77, 108, 179, 112, 131, 186, 93, 103, 51, 139, 197, 158, 203, 57, 184, 89, 45, 22, 27, 36, 214, 227, 51, 187, 89, 44, 118, 107, 61, 162, 102, 0, 147, 139, 85, 214, 241, 99, 183, 78, 68, 134, 201, 54, 183, 91, 67, 134, 198, 0, 54, 235, 189, 146, 229, 55, 156, 216, 172, 119, 107, 29, 210, 200, 44, 51, 59, 173, 206, 237, 57, 184, 218, 173, 119, 169, 173, 174, 105, 117, 155, 93, 174, 136, 35, 107, 155, 92, 110, 151, 123, 197, 170, 239, 119, 176, 216, 172, 86, 99, 145, 177, 77, 110, 138, 3, 117, 179, 204, 209, 70, 213, 112, 184, 18, 12, 226, 199, 120, 182, 129, 12, 210, 200, 14, 33, 131, 117, 182, 205, 166, 150, 217, 165, 172, 200, 110, 183, 43, 52, 218, 233, 122, 184, 222, 102, 119, 123, 181, 206, 221, 122, 177, 77, 236, 55, 137, 173, 194, 241, 50, 176, 221, 174, 86, 91, 173, 134, 205, 53, 74, 27, 165, 218, 103, 56, 153, 93, 174, 214, 139, 37, 142, 195, 54, 183, 77, 239, 83, 105, 149, 230, 226, 254, 86, 169, 188, 226, 235, 101, 155, 77, 173, 119, 25, 197, 196, 204, 108, 54, 219, 61, 142, 223, 108, 182, 88, 110, 23, 59, 44, 128, 34, 45, 54, 234, 228, 138, 125, 60, 178, 90, 110, 194, 66, 32, 55, 59, 156, 244, 52, 110, 22, 27, 117, 150, 217, 45, 177, 91, 236, 151, 153, 0, 80, 203, 102, 51, 81, 242, 166, 91, 217, 134, 218, 84, 37, 227, 117, 5, 27, 33, 200, 134, 140, 130, 231, 105, 186, 72, 19, 198, 203, 116, 150, 72, 44, 183, 48, 146, 179, 89, 172, 183, 32, 97, 183, 216, 238, 183, 34, 129, 1, 16, 145, 8, 17, 129, 92, 27, 36, 129, 36, 69, 6, 229, 97, 186, 90, 109, 230, 194, 166, 54, 91, 113, 161, 10, 141, 184, 8, 110, 65, 3, 46, 147, 91, 172, 87, 59, 132, 238, 121, 47, 122, 39, 241, 5, 80, 66, 100, 27, 36, 245, 192, 108, 108, 99, 108, 176, 182, 141, 150, 191, 50, 11, 20, 177, 10, 27, 157, 204, 80, 174, 22, 20, 209, 182, 75, 70, 156, 88, 66, 30, 211, 110, 27, 19, 181, 41, 219, 21, 190, 201, 121, 144, 5, 12, 182, 99, 53, 31, 42, 101, 190, 229, 101, 182, 149, 9, 120, 221, 65, 70, 200, 114, 33, 163, 32, 185, 218, 110, 146, 11, 13, 182, 203, 116, 150, 72, 44, 183, 48, 146, 179, 89, 172, 183, 32, 97, 183, 216, 238, 183, 34, 129, 1, 16, 145, 8, 17, 129, 92, 27, 36, 129, 36, 71, 188, 121, 166, 115, 41, 164, 202, 65, 60, 151, 187, 147, 224, 130, 168, 33, 48, 141, 145, 252, 172, 108, 3, 108, 176, 181, 13, 150, 191, 50, 11, 18, 145, 10, 27, 157, 206, 123, 120, 183, 94, 102, 147, 89, 165, 230, 242, 14, 55, 27, 196, 214, 203, 55, 8, 59, 165, 214, 115, 56, 188, 89, 236, 179, 155, 133, 146, 209, 97, 178, 77, 110, 51, 59, 181, 146, 199, 102, 179, 218, 38, 96, 9, 56, 181, 93, 111, 22, 59, 116, 228, 72, 108, 147, 107, 117, 180, 56, 108, 96, 3, 110, 187, 217, 46, 83, 121, 205, 138, 199, 118, 177, 221, 44, 130, 195, 51, 186, 220, 238, 211, 155, 141, 170, 215, 122, 154, 218, 230, 151, 89, 181, 218, 232, 130, 54, 185, 181, 198, 233, 119, 188, 90, 174, 247, 123, 13, 138, 197, 102, 57, 27, 20, 214, 232, 160, 55, 89, 228, 190, 201, 105, 187, 79, 129, 88, 16, 164, 22, 155, 36, 246, 185, 34, 177, 219, 237, 150, 203, 13, 194, 231, 101, 175, 204, 130, 198, 65, 99, 10, 27, 157, 206, 123, 120, 183, 94, 102, 147, 89, 165, 230, 242, 14, 55, 27, 196, 214, 203, 55, 8, 59, 165, 214, 115, 56, 188, 89, 236, 179, 155, 133, 145, 112, 108, 147, 91, 138, 104, 217, 44, 118, 107, 61, 162, 102, 0, 147, 139, 85, 214, 241, 99, 100, 17, 33, 178, 77, 173, 214, 208, 225, 177, 128, 13, 186, 239, 100, 185, 77, 221, 70, 199, 118, 177, 221, 44, 130, 195, 51, 186, 220, 238, 211, 155, 141, 170, 215, 122, 154, 218, 230, 151, 89, 181, 218, 232, 130, 54, 185, 181, 198, 233, 119, 188, 90, 174, 247, 123, 13, 138, 197, 102, 57, 27, 20, 214, 232, 160, 55, 89, 228, 190, 201, 105, 187, 79, 129, 88, 16, 164, 22, 155, 36, 246, 185, 34, 177, 219, 237, 150, 203, 13, 194, 231, 101, 175, 204, 130, 198, 65, 99, 10, 27, 157, 206, 123, 120, 183, 94, 102, 147, 89, 165, 230, 242, 14, 55, 27, 196, 214, 203, 55, 8, 59, 165, 214, 115, 56, 188, 89, 224, 0, 
Polled: 880

HS(7,5) polled = 53
Compressed data: 152, 128, 124, 3, 224, 31, 0, 248, 7, 192, 62, 1, 240, 15, 128, 124, 3, 224, 31, 0, 248, 7, 192, 62, 1, 240, 15, 128, 124, 3, 224, 31, 0, 248, 7, 192, 62, 1, 240, 15, 128, 124, 3, 224, 31, 0, 248, 7, 192, 62, 1, 24, 0, 

HS(7,5) polled = 895
Compressed data: 158, 75, 236, 150, 155, 180, 248, 20, 192, 130, 144, 90, 108, 147, 218, 228, 138, 199, 111, 182, 91, 44, 55, 11, 157, 150, 191, 50, 11, 12, 130, 198, 20, 27, 157, 206, 123, 120, 183, 94, 102, 147, 89, 165, 230, 242, 14, 27, 141, 226, 107, 101, 155, 132, 14, 233, 117, 156, 206, 47, 22, 123, 44, 230, 225, 100, 180, 88, 108, 147, 91, 140, 206, 237, 100, 177, 217, 172, 246, 137, 152, 1, 39, 22, 171, 173, 226, 199, 110, 156, 137, 6, 201, 54, 183, 91, 67, 131, 99, 0, 13, 186, 239, 100, 185, 77, 231, 54, 43, 29, 218, 199, 116, 178, 11, 6, 103, 117, 185, 221, 167, 55, 27, 85, 174, 245, 53, 181, 205, 46, 179, 107, 181, 209, 4, 54, 185, 181, 198, 233, 119, 188, 90, 174, 247, 123, 13, 138, 197, 102, 57, 13, 138, 107, 116, 80, 13, 214, 207, 51, 69, 13, 170, 225, 112, 36, 12, 226, 199, 120, 182, 129, 6, 105, 100, 7, 8, 96, 110, 182, 217, 180, 210, 219, 52, 181, 153, 6, 235, 114, 179, 77, 174, 151, 171, 141, 230, 103, 119, 187, 92, 237, 215, 171, 20, 222, 195, 120, 154, 220, 47, 19, 43, 13, 218, 229, 101, 186, 216, 108, 211, 84, 160, 221, 46, 211, 57, 196, 202, 237, 118, 180, 89, 44, 118, 25, 181, 186, 111, 122, 155, 76, 175, 55, 23, 241, 90, 166, 243, 139, 173, 150, 109, 54, 181, 220, 103, 23, 19, 48, 216, 109, 182, 123, 29, 190, 217, 108, 176, 220, 46, 118, 89, 0, 66, 45, 54, 234, 228, 138, 125, 60, 178, 90, 110, 194, 65, 16, 13, 206, 231, 61, 13, 13, 194, 195, 110, 178, 219, 37, 182, 43, 125, 146, 243, 32, 10, 12, 182, 99, 53, 31, 21, 50, 222, 204, 27, 105, 80, 75, 195, 117, 5, 13, 144, 228, 33, 161, 144, 92, 237, 55, 73, 2, 120, 108, 183, 73, 100, 130, 203, 115, 9, 21, 154, 205, 101, 185, 3, 6, 223, 99, 186, 220, 138, 2, 2, 16, 144, 132, 4, 96, 43, 129, 178, 72, 18, 66, 40, 27, 149, 134, 233, 105, 183, 155, 5, 76, 54, 91, 113, 160, 133, 67, 110, 2, 13, 200, 32, 50, 233, 53, 186, 197, 115, 184, 78, 231, 146, 247, 161, 63, 132, 20, 160, 130, 100, 13, 146, 122, 224, 27, 27, 24, 109, 150, 22, 208, 217, 107, 243, 32, 176, 165, 132, 40, 55, 59, 152, 160, 174, 22, 20, 208, 219, 37, 163, 71, 22, 8, 65, 237, 54, 225, 176, 157, 148, 165, 182, 43, 125, 146, 243, 32, 10, 12, 182, 99, 53, 31, 21, 50, 223, 114, 178, 219, 74, 130, 94, 27, 168, 40, 108, 135, 33, 13, 12, 130, 231, 105, 186, 72, 44, 54, 219, 45, 210, 89, 32, 178, 220, 194, 69, 102, 179, 89, 110, 64, 193, 183, 216, 238, 183, 34, 128, 128, 132, 36, 33, 1, 24, 10, 224, 108, 146, 4, 144, 143, 90, 103, 50, 154, 76, 164, 19, 201, 123, 184, 159, 2, 10, 80, 65, 48, 134, 200, 254, 43, 27, 0, 109, 150, 22, 160, 217, 107, 243, 32, 176, 148, 132, 40, 55, 59, 156, 246, 241, 110, 188, 205, 38, 179, 75, 205, 228, 28, 55, 27, 196, 214, 203, 55, 8, 29, 210, 235, 57, 156, 94, 44, 246, 89, 205, 194, 201, 104, 176, 217, 38, 183, 25, 157, 218, 201, 99, 179, 89, 237, 19, 48, 2, 78, 45, 87, 91, 197, 142, 221, 57, 18, 13, 146, 109, 110, 182, 135, 6, 198, 0, 27, 117, 222, 201, 114, 155, 206, 108, 86, 59, 181, 142, 233, 100, 22, 12, 206, 235, 115, 187, 78, 110, 54, 171, 93, 234, 107, 107, 154, 93, 102, 215, 107, 162, 8, 109, 115, 107, 141, 210, 239, 120, 181, 93, 238, 246, 27, 21, 138, 204, 114, 27, 20, 214, 232, 160, 27, 172, 242, 95, 100, 180, 221, 167, 192, 166, 4, 20, 130, 211, 100, 158, 215, 36, 86, 59, 125, 178, 217, 97, 184, 92, 236, 181, 249, 144, 88, 100, 22, 48, 160, 220, 238, 115, 219, 197, 186, 243, 52, 154, 205, 47, 55, 144, 112, 220, 111, 19, 91, 44, 220, 32, 119, 75, 172, 230, 113, 120, 179, 217, 103, 55, 11, 34, 224, 108, 147, 91, 138, 104, 108, 150, 59, 53, 158, 209, 51, 0, 36, 226, 213, 117, 188, 88, 217, 2, 36, 27, 36, 218, 221, 109, 14, 13, 140, 0, 54, 235, 189, 146, 229, 55, 117, 13, 142, 237, 99, 186, 89, 5, 131, 51, 186, 220, 238, 211, 155, 141, 170, 215, 122, 154, 218, 230, 151, 89, 181, 218, 232, 130, 27, 92, 218, 227, 116, 187, 222, 45, 87, 123, 189, 134, 197, 98, 179, 28, 134, 197, 53, 186, 40, 6, 235, 60, 151, 217, 45, 55, 105, 240, 41, 129, 5, 32, 180, 217, 39, 181, 201, 21, 142, 223, 108, 182, 88, 110, 23, 59, 45, 126, 100, 22, 25, 5, 140, 40, 55, 59, 156, 246, 241, 110, 188, 205, 38, 179, 75, 205, 228, 28, 55, 27, 196, 214, 203, 55, 8, 29, 210, 235, 57, 156, 94, 44, 240, 0, 

HS(7,6)
Compressed data: 152, 128, 126, 1, 248, 7, 224, 31, 128, 126, 1, 248, 7, 224, 31, 128, 126, 1, 248, 7, 224, 31, 128, 126, 1, 248, 7, 224, 8, 192, 0, 
Polled: 31

Compressed data: 158, 75, 236, 150, 155, 180, 248, 20, 96, 64, 164, 22, 155, 36, 246, 185, 34, 177, 219, 237, 150, 203, 13, 194, 231, 101, 175, 204, 130, 193, 144, 88, 194, 129, 185, 220, 231, 183, 139, 117, 230, 105, 53, 154, 94, 111, 32, 224, 220, 111, 19, 91, 44, 220, 32, 59, 165, 214, 115, 56, 188, 89, 236, 179, 155, 133, 146, 209, 97, 178, 77, 110, 51, 59, 181, 146, 199, 102, 179, 218, 38, 96, 2, 78, 45, 87, 91, 197, 142, 221, 57, 18, 6, 201, 54, 183, 91, 67, 129, 177, 128, 3, 110, 187, 217, 46, 83, 121, 205, 138, 199, 118, 177, 221, 44, 130, 192, 204, 238, 183, 59, 180, 230, 227, 106, 181, 222, 166, 182, 185, 165, 214, 109, 118, 186, 32, 131, 107, 155, 92, 110, 151, 123, 197, 170, 239, 119, 176, 216, 172, 86, 99, 144, 108, 83, 91, 162, 128, 55, 91, 60, 205, 20, 27, 85, 194, 224, 72, 12, 226, 199, 120, 182, 129, 3, 52, 178, 3, 130, 24, 13, 214, 219, 54, 154, 91, 102, 150, 179, 32, 110, 183, 43, 52, 218, 233, 122, 184, 222, 102, 119, 123, 181, 206, 221, 122, 177, 77, 236, 55, 137, 173, 194, 241, 50, 176, 221, 174, 86, 91, 173, 134, 205, 53, 74, 6, 233, 118, 153, 206, 38, 87, 107, 181, 162, 201, 99, 176, 205, 173, 211, 123, 212, 218, 101, 121, 184, 191, 133, 106, 155, 206, 46, 182, 89, 180, 218, 215, 113, 156, 92, 76, 193, 176, 219, 108, 246, 59, 125, 178, 217, 97, 184, 92, 236, 178, 0, 130, 45, 54, 234, 228, 138, 125, 60, 178, 90, 110, 194, 64, 136, 3, 115, 185, 207, 67, 65, 184, 88, 109, 214, 91, 100, 182, 197, 111, 178, 94, 100, 1, 64, 203, 102, 51, 81, 240, 169, 150, 246, 96, 109, 165, 64, 151, 131, 117, 5, 6, 200, 114, 8, 104, 50, 11, 157, 166, 233, 32, 79, 6, 203, 116, 150, 72, 44, 183, 48, 144, 172, 214, 107, 45, 200, 24, 27, 125, 142, 235, 114, 40, 4, 4, 16, 144, 66, 1, 24, 5, 112, 27, 36, 129, 36, 17, 64, 110, 86, 27, 165, 166, 222, 108, 10, 152, 54, 91, 113, 160, 66, 160, 219, 128, 129, 185, 4, 3, 46, 147, 91, 172, 87, 59, 132, 238, 121, 47, 122, 9, 252, 16, 81, 65, 2, 100, 6, 201, 61, 112, 6, 198, 198, 13, 178, 194, 218, 13, 150, 191, 50, 11, 5, 44, 16, 160, 110, 119, 49, 64, 174, 22, 20, 208, 109, 146, 209, 161, 197, 129, 8, 30, 211, 110, 27, 4, 236, 82, 147, 108, 86, 251, 37, 230, 64, 20, 12, 182, 99, 53, 31, 10, 153, 111, 185, 89, 109, 165, 64, 151, 131, 117, 5, 6, 200, 114, 8, 104, 50, 11, 157, 166, 233, 32, 176, 219, 108, 183, 73, 100, 130, 203, 115, 9, 10, 205, 102, 178, 220, 129, 129, 183, 216, 238, 183, 34, 128, 64, 65, 9, 4, 32, 17, 128, 87, 1, 178, 72, 18, 65, 30, 90, 103, 50, 154, 76, 164, 19, 201, 123, 184, 79, 128, 130, 138, 8, 19, 8, 54, 71, 240, 172, 108, 0, 219, 44, 45, 64, 217, 107, 243, 32, 176, 74, 65, 10, 6, 231, 115, 158, 222, 45, 215, 153, 164, 214, 105, 121, 188, 131, 131, 113, 188, 77, 108, 179, 112, 128, 238, 151, 89, 204, 226, 241, 103, 178, 206, 110, 22, 75, 69, 134, 201, 53, 184, 204, 238, 214, 75, 29, 154, 207, 104, 153, 128, 9, 56, 181, 93, 111, 22, 59, 116, 228, 72, 27, 36, 218, 221, 109, 14, 6, 198, 0, 13, 186, 239, 100, 185, 77, 231, 54, 43, 29, 218, 199, 116, 178, 11, 3, 51, 186, 220, 238, 211, 155, 141, 170, 215, 122, 154, 218, 230, 151, 89, 181, 218, 232, 130, 13, 174, 109, 113, 186, 93, 239, 22, 171, 189, 222, 195, 98, 177, 89, 142, 65, 177, 77, 110, 138, 0, 221, 103, 146, 251, 37, 166, 237, 62, 5, 24, 16, 41, 5, 166, 201, 61, 174, 72, 172, 118, 251, 101, 178, 195, 112, 185, 217, 107, 243, 32, 176, 100, 22, 48, 160, 110, 119, 57, 237, 226, 221, 121, 154, 77, 102, 151, 155, 200, 56, 55, 27, 196, 214, 203, 55, 8, 14, 233, 117, 156, 206, 47, 22, 123, 44, 230, 225, 100, 92, 6, 201, 53, 184, 166, 131, 100, 177, 217, 172, 246, 137, 152, 0, 147, 139, 85, 214, 241, 99, 100, 4, 72, 27, 36, 218, 221, 109, 14, 6, 198, 0, 13, 186, 239, 100, 185, 77, 221, 65, 177, 221, 172, 119, 75, 32, 176, 51, 59, 173, 206, 237, 57, 184, 218, 173, 119, 169, 173, 174, 105, 117, 155, 93, 174, 136, 32, 218, 230, 215, 27, 165, 222, 241, 106, 187, 221, 236, 54, 43, 21, 152, 228, 27, 20, 214, 232, 160, 13, 214, 121, 47, 178, 90, 110, 211, 224, 81, 129, 2, 144, 90, 108, 147, 218, 228, 138, 199, 111, 182, 91, 44, 55, 11, 157, 150, 191, 50, 11, 6, 65, 99, 10, 6, 231, 115, 158, 222, 45, 215, 153, 164, 214, 105, 121, 188, 131, 131, 113, 188, 77, 108, 179, 112, 128, 238, 151, 89, 204, 226, 241, 103, 128, 0, 
Polled: 912

HS(8,3)
Compressed data: 152, 128, 56, 3, 128, 56, 3, 128, 56, 3, 128, 56, 3, 128, 56, 3, 128, 56, 3, 128, 56, 3, 128, 56, 3, 128, 56, 3, 128, 56, 3, 128, 56, 3, 128, 56, 3, 128, 56, 3, 128, 56, 3, 128, 56, 3, 128, 56, 3, 128, 56, 3, 128, 56, 3, 128, 56, 3, 128, 56, 3, 128, 56, 3, 128, 56, 3, 128, 56, 3, 128, 56, 3, 128, 56, 3, 128, 56, 3, 128, 56, 3, 128, 56, 3, 128, 56, 3, 128, 56, 3, 128, 56, 3, 128, 56, 3, 128, 56, 3, 128, 56, 3, 128, 56, 3, 128, 56, 3, 128, 56, 3, 128, 56, 3, 128, 56, 3, 128, 56, 3, 128, 56, 3, 128, 56, 3, 128, 56, 3, 128, 56, 3, 128, 56, 3, 128, 56, 3, 128, 56, 3, 128, 56, 3, 128, 56, 3, 128, 56, 3, 128, 56, 3, 128, 56, 3, 128, 56, 3, 128, 56, 3, 128, 56, 3, 128, 56, 3, 128, 56, 3, 128, 56, 3, 128, 56, 3, 128, 56, 3, 128, 56, 3, 128, 12, 0, 
Polled: 187

Compressed data: 158, 75, 236, 150, 155, 180, 248, 11, 128, 138, 65, 105, 178, 79, 107, 146, 43, 29, 190, 217, 108, 176, 220, 46, 118, 90, 252, 200, 22, 100, 22, 48, 81, 185, 220, 231, 183, 139, 117, 230, 105, 53, 154, 94, 111, 32, 115, 113, 188, 77, 108, 179, 112, 67, 186, 93, 103, 51, 139, 197, 158, 203, 57, 184, 89, 45, 22, 27, 36, 214, 227, 51, 187, 89, 44, 118, 107, 61, 162, 102, 0, 147, 139, 85, 214, 241, 99, 183, 78, 66, 70, 201, 54, 183, 91, 65, 198, 198, 0, 54, 235, 189, 146, 229, 55, 156, 216, 172, 119, 107, 29, 210, 200, 22, 51, 59, 173, 206, 237, 57, 184, 218, 173, 119, 169, 173, 174, 105, 117, 155, 93, 174, 132, 19, 107, 155, 92, 110, 151, 123, 197, 170, 239, 119, 176, 216, 172, 86, 97, 201, 177, 77, 110, 133, 3, 117, 179, 204, 200, 166, 213, 112, 184, 9, 12, 226, 199, 120, 182, 128, 140, 210, 200, 7, 32, 195, 117, 182, 205, 166, 150, 217, 165, 172, 100, 110, 183, 43, 52, 218, 233, 122, 184, 222, 102, 119, 123, 181, 206, 221, 122, 177, 77, 236, 41, 147, 112, 188, 76, 172, 55, 107, 149, 150, 235, 97, 179, 77, 73, 70, 233, 118, 67, 153, 149, 218, 237, 104, 75, 155, 10, 20, 205, 239, 83, 105, 149, 230, 226, 127, 86, 169, 188, 226, 235, 101, 155, 77, 173, 119, 25, 197, 196, 102, 108, 54, 219, 59, 179, 186, 8, 35, 218, 109, 207, 99, 62, 158, 89, 45, 55, 103, 222, 6, 155, 133, 134, 221, 101, 182, 75, 108, 86, 251, 37, 230, 64, 10, 50, 217, 140, 212, 62, 169, 150, 243, 49, 182, 138, 136, 188, 163, 140, 130, 200, 57, 32, 211, 32, 185, 218, 110, 146, 2, 121, 178, 221, 37, 146, 11, 45, 204, 18, 172, 214, 107, 45, 200, 12, 109, 246, 53, 41, 20, 16, 9, 4, 144, 65, 12, 18, 225, 178, 72, 9, 36, 40, 110, 86, 27, 165, 166, 222, 54, 37, 51, 101, 183, 13, 16, 84, 219, 128, 70, 228, 8, 50, 233, 53, 186, 197, 115, 184, 78, 231, 146, 243, 210, 63, 144, 45, 66, 187, 77, 145, 4, 147, 190, 191, 50, 5, 148, 191, 75, 224, 215, 96, 246, 15, 96, 241, 79, 96, 246, 15, 96, 246, 15, 96, 246, 15, 96, 246, 15, 96, 242, 73, 15, 112, 247, 15, 105, 156, 202, 105, 50, 144, 47, 186, 251, 175, 186, 251, 175, 188, 246, 241, 110, 188, 205, 38, 179, 75, 205, 228, 14, 110, 55, 137, 173, 150, 110, 8, 119, 75, 172, 230, 113, 120, 179, 217, 103, 55, 11, 37, 162, 195, 100, 154, 220, 102, 119, 107, 37, 142, 205, 103, 180, 76, 192, 18, 113, 106, 186, 222, 44, 118, 233, 200, 72, 217, 38, 214, 235, 104, 56, 216, 192, 6, 221, 119, 178, 92, 166, 243, 155, 21, 142, 237, 99, 186, 89, 2, 198, 103, 117, 185, 221, 167, 55, 27, 85, 174, 245, 53, 181, 205, 46, 179, 107, 181, 208, 130, 109, 115, 107, 141, 210, 239, 120, 181, 93, 238, 246, 27, 21, 138, 204, 57, 54, 41, 173, 208, 160, 110, 169, 238, 158, 233, 238, 158, 233, 238, 158, 233, 238, 158, 233, 238, 158, 233, 238, 158, 233, 238, 158, 233, 238, 158, 233, 238, 158, 233, 238, 158, 233, 238, 158, 233, 238, 158, 233, 238, 158, 233, 238, 158, 246, 120, 0, 
Polled: 600

HS(8,4)
Compressed data: 152, 128, 60, 1, 224, 15, 0, 120, 3, 192, 30, 0, 240, 7, 128, 60, 1, 224, 15, 0, 120, 3, 192, 30, 0, 240, 7, 128, 60, 1, 224, 15, 0, 120, 3, 192, 30, 0, 240, 7, 128, 60, 1, 224, 15, 0, 120, 3, 192, 30, 0, 240, 7, 128, 60, 1, 224, 15, 0, 120, 3, 192, 30, 0, 240, 7, 128, 60, 1, 224, 15, 0, 120, 3, 192, 30, 0, 240, 7, 128, 60, 1, 224, 15, 0, 120, 3, 192, 30, 0, 240, 7, 128, 60, 1, 224, 15, 0, 120, 3, 192, 3, 0, 
Polled: 103

Compressed data: 158, 75, 236, 150, 155, 180, 248, 10, 192, 66, 144, 90, 108, 147, 218, 228, 138, 199, 111, 182, 91, 44, 55, 11, 157, 150, 191, 50, 5, 140, 130, 198, 10, 27, 157, 206, 123, 120, 183, 94, 102, 147, 89, 165, 230, 242, 7, 27, 141, 226, 107, 101, 155, 130, 14, 233, 117, 156, 206, 47, 22, 123, 44, 230, 225, 100, 180, 88, 108, 147, 91, 140, 206, 237, 100, 177, 217, 172, 246, 137, 152, 1, 39, 22, 171, 173, 226, 199, 110, 156, 132, 134, 201, 54, 183, 91, 65, 195, 99, 0, 13, 186, 239, 100, 185, 77, 231, 54, 43, 29, 218, 199, 116, 178, 5, 134, 103, 117, 185, 221, 167, 55, 27, 85, 174, 245, 53, 181, 205, 46, 179, 107, 181, 208, 130, 54, 185, 181, 198, 233, 119, 188, 90, 174, 247, 123, 13, 138, 197, 102, 28, 141, 138, 107, 116, 40, 13, 214, 207, 51, 34, 141, 170, 225, 112, 18, 12, 226, 199, 120, 182, 128, 134, 105, 100, 3, 136, 48, 110, 182, 217, 180, 210, 219, 52, 181, 140, 134, 235, 114, 179, 77, 174, 151, 171, 141, 230, 103, 119, 187, 92, 237, 215, 171, 20, 222, 194, 153, 27, 133, 226, 101, 97, 187, 92, 172, 183, 91, 13, 154, 106, 74, 27, 165, 217, 14, 51, 43, 181, 218, 208, 151, 27, 10, 20, 102, 247, 169, 180, 202, 243, 113, 63, 149, 170, 111, 56, 186, 217, 102, 211, 107, 93, 198, 113, 113, 25, 141, 134, 219, 103, 118, 59, 160, 65, 15, 105, 183, 61, 134, 125, 60, 178, 90, 110, 207, 182, 6, 141, 194, 195, 110, 178, 219, 37, 182, 43, 125, 146, 243, 32, 5, 12, 182, 99, 53, 15, 149, 50, 222, 102, 27, 104, 168, 69, 226, 142, 25, 5, 144, 114, 32, 209, 144, 92, 237, 55, 73, 1, 60, 108, 183, 73, 100, 130, 203, 115, 4, 149, 154, 205, 101, 185, 1, 134, 223, 99, 82, 136, 160, 64, 34, 9, 16, 64, 134, 4, 184, 54, 73, 1, 36, 66, 131, 114, 176, 221, 45, 54, 241, 176, 148, 198, 203, 110, 26, 16, 84, 109, 192, 33, 185, 2, 6, 93, 38, 183, 88, 174, 119, 9, 220, 242, 94, 122, 35, 248, 129, 85, 10, 118, 155, 34, 8, 147, 175, 95, 153, 2, 197, 47, 204, 31, 96, 251, 7, 216, 62, 193, 246, 15, 176, 124, 146, 33, 239, 15, 52, 206, 101, 52, 153, 72, 23, 222, 190, 245, 244, 94, 45, 215, 153, 164, 214, 105, 121, 188, 129, 198, 227, 120, 154, 217, 102, 224, 131, 186, 93, 103, 51, 139, 197, 158, 203, 57, 184, 89, 45, 22, 27, 36, 214, 227, 51, 187, 89, 44, 118, 107, 61, 162, 102, 0, 73, 197, 170, 235, 120, 177, 219, 167, 33, 33, 178, 77, 173, 214, 208, 112, 216, 192, 3, 110, 187, 217, 46, 83, 121, 205, 138, 199, 118, 177, 221, 44, 129, 97, 153, 221, 110, 119, 105, 205, 198, 213, 107, 189, 77, 109, 115, 75, 172, 218, 237, 116, 32, 141, 174, 109, 113, 186, 93, 239, 22, 171, 189, 222, 195, 98, 177, 89, 135, 35, 98, 154, 221, 10, 3, 117, 79, 122, 123, 211, 222, 158, 244, 247, 167, 189, 61, 233, 239, 79, 122, 123, 211, 222, 158, 244, 247, 167, 190, 207, 0, 
Polled: 574

HS(8,5)
Compressed data: 152, 128, 62, 0, 248, 3, 224, 15, 128, 62, 0, 248, 3, 224, 15, 128, 62, 0, 248, 3, 224, 15, 128, 62, 0, 248, 3, 224, 15, 128, 62, 0, 248, 3, 224, 15, 128, 62, 0, 248, 3, 224, 15, 128, 62, 0, 248, 3, 224, 15, 128, 62, 0, 248, 2, 48, 0, 
Polled: 57

Compressed data: 158, 75, 236, 150, 155, 180, 248, 10, 96, 32, 164, 22, 155, 36, 246, 185, 34, 177, 219, 237, 150, 203, 13, 194, 231, 101, 175, 204, 129, 97, 144, 88, 193, 65, 185, 220, 231, 183, 139, 117, 230, 105, 53, 154, 94, 111, 32, 112, 220, 111, 19, 91, 44, 220, 16, 59, 165, 214, 115, 56, 188, 89, 236, 179, 155, 133, 146, 209, 97, 178, 77, 110, 51, 59, 181, 146, 199, 102, 179, 218, 38, 96, 2, 78, 45, 87, 91, 197, 142, 221, 57, 9, 6, 201, 54, 183, 91, 65, 193, 177, 128, 3, 110, 187, 217, 46, 83, 121, 205, 138, 199, 118, 177, 221, 44, 129, 96, 204, 238, 183, 59, 180, 230, 227, 106, 181, 222, 166, 182, 185, 165, 214, 109, 118, 186, 16, 67, 107, 155, 92, 110, 151, 123, 197, 170, 239, 119, 176, 216, 172, 86, 97, 200, 108, 83, 91, 161, 64, 55, 91, 60, 204, 138, 27, 85, 194, 224, 36, 12, 226, 199, 120, 182, 128, 131, 52, 178, 1, 194, 12, 13, 214, 219, 54, 154, 91, 102, 150, 177, 144, 110, 183, 43, 52, 218, 233, 122, 184, 222, 102, 119, 123, 181, 206, 221, 122, 177, 77, 236, 41, 144, 220, 47, 19, 43, 13, 218, 229, 101, 186, 216, 108, 211, 82, 80, 110, 151, 100, 56, 102, 87, 107, 181, 161, 46, 27, 10, 20, 51, 123, 212, 218, 101, 121, 184, 159, 197, 106, 155, 206, 46, 182, 89, 180, 218, 215, 113, 156, 92, 70, 97, 176, 219, 108, 238, 195, 186, 2, 8, 61, 166, 220, 246, 12, 250, 121, 100, 180, 221, 159, 102, 6, 134, 225, 97, 183, 89, 109, 146, 219, 21, 190, 201, 121, 144, 2, 131, 45, 152, 205, 67, 226, 166, 91, 204, 193, 182, 138, 130, 47, 10, 56, 50, 11, 32, 228, 32, 208, 200, 46, 118, 155, 164, 128, 158, 27, 45, 210, 89, 32, 178, 220, 193, 34, 179, 89, 172, 183, 32, 48, 109, 246, 53, 40, 69, 1, 0, 132, 18, 16, 64, 67, 1, 46, 6, 201, 32, 36, 132, 40, 27, 149, 134, 233, 105, 183, 141, 130, 83, 13, 150, 220, 52, 16, 84, 54, 224, 16, 110, 64, 128, 203, 164, 214, 235, 21, 206, 225, 59, 158, 75, 207, 66, 63, 132, 10, 84, 40, 237, 54, 68, 16, 147, 167, 175, 204, 129, 97, 75, 185, 131, 246, 15, 216, 63, 96, 196, 61, 105, 156, 202, 105, 50, 144, 47, 190, 190, 69, 226, 221, 121, 154, 77, 102, 151, 155, 200, 28, 55, 27, 196, 214, 203, 55, 4, 14, 233, 117, 156, 206, 47, 22, 123, 44, 230, 225, 100, 180, 88, 108, 147, 91, 140, 206, 237, 100, 177, 217, 172, 246, 137, 152, 0, 147, 139, 85, 214, 241, 99, 183, 78, 66, 65, 178, 77, 173, 214, 208, 112, 108, 96, 0, 219, 174, 246, 75, 148, 222, 115, 98, 177, 221, 172, 119, 75, 32, 88, 51, 59, 173, 206, 237, 57, 184, 218, 173, 119, 169, 173, 174, 105, 117, 155, 93, 174, 132, 16, 218, 230, 215, 27, 165, 222, 241, 106, 187, 221, 236, 54, 43, 21, 152, 114, 27, 20, 214, 232, 80, 13, 213, 61, 244, 247, 211, 223, 79, 125, 61, 244, 247, 211, 223, 179, 192, 0, 
Polled: 565

HS(8,6) polled = 33
Compressed data: 152, 128, 63, 0, 126, 0, 252, 1, 248, 3, 240, 7, 224, 15, 192, 31, 128, 63, 0, 126, 0, 252, 1, 248, 3, 240, 7, 224, 15, 192, 8, 192, 0, 

HS(8,6) polled = 
Compressed data: 158, 75, 236, 150, 155, 180, 248, 10, 48, 16, 41, 5, 166, 201, 61, 174, 72, 172, 118, 251, 101, 178, 195, 112, 185, 217, 107, 243, 32, 88, 50, 11, 24, 40, 27, 157, 206, 123, 120, 183, 94, 102, 147, 89, 165, 230, 242, 7, 6, 227, 120, 154, 217, 102, 224, 128, 238, 151, 89, 204, 226, 241, 103, 178, 206, 110, 22, 75, 69, 134, 201, 53, 184, 204, 238, 214, 75, 29, 154, 207, 104, 153, 128, 4, 156, 90, 174, 183, 139, 29, 186, 114, 18, 6, 201, 54, 183, 91, 65, 192, 216, 192, 0, 219, 174, 246, 75, 148, 222, 115, 98, 177, 221, 172, 119, 75, 32, 88, 25, 157, 214, 231, 118, 156, 220, 109, 86, 187, 212, 214, 215, 52, 186, 205, 174, 215, 66, 8, 54, 185, 181, 198, 233, 119, 188, 90, 174, 247, 123, 13, 138, 197, 102, 28, 131, 98, 154, 221, 10, 0, 221, 108, 243, 50, 40, 54, 171, 133, 192, 72, 12, 226, 199, 120, 182, 128, 129, 154, 89, 0, 224, 131, 1, 186, 219, 102, 211, 75, 108, 210, 214, 50, 6, 235, 114, 179, 77, 174, 151, 171, 141, 230, 103, 119, 187, 92, 237, 215, 171, 20, 222, 194, 153, 6, 225, 120, 153, 88, 110, 215, 43, 45, 214, 195, 102, 154, 146, 129, 186, 93, 144, 224, 204, 174, 215, 107, 66, 92, 27, 10, 20, 25, 189, 234, 109, 50, 188, 220, 79, 225, 90, 166, 243, 139, 173, 150, 109, 54, 181, 220, 103, 23, 17, 152, 54, 27, 109, 157, 216, 59, 160, 16, 64, 246, 155, 115, 216, 25, 244, 242, 201, 105, 187, 62, 198, 6, 131, 112, 176, 219, 172, 182, 201, 109, 138, 223, 100, 188, 200, 1, 64, 203, 102, 51, 80, 248, 84, 203, 121, 152, 27, 104, 168, 17, 120, 40, 224, 100, 22, 65, 200, 32, 208, 100, 23, 59, 77, 210, 64, 79, 6, 203, 116, 150, 72, 44, 183, 48, 72, 86, 107, 53, 150, 228, 6, 6, 223, 99, 82, 130, 40, 4, 2, 8, 36, 16, 64, 33, 128, 75, 128, 217, 36, 4, 144, 66, 128, 220, 172, 55, 75, 77, 188, 108, 9, 76, 27, 45, 184, 104, 16, 84, 27, 112, 8, 27, 144, 32, 25, 116, 154, 221, 98, 185, 220, 39, 115, 201, 121, 232, 35, 248, 32, 81, 80, 161, 218, 108, 136, 32, 147, 163, 215, 230, 64, 176, 82, 231, 48, 127, 96, 226, 30, 90, 103, 50, 154, 76, 164, 11, 234, 47, 22, 235, 204, 210, 107, 52, 188, 222, 64, 224, 220, 111, 19, 91, 44, 220, 16, 29, 210, 235, 57, 156, 94, 44, 246, 89, 205, 194, 201, 104, 176, 217, 38, 183, 25, 157, 218, 201, 99, 179, 89, 237, 19, 48, 0, 147, 139, 85, 214, 241, 99, 183, 78, 66, 64, 217, 38, 214, 235, 104, 56, 27, 24, 0, 27, 117, 222, 201, 114, 155, 206, 108, 86, 59, 181, 142, 233, 100, 11, 3, 51, 186, 220, 238, 211, 155, 141, 170, 215, 122, 154, 218, 230, 151, 89, 181, 218, 232, 65, 6, 215, 54, 184, 221, 46, 247, 139, 85, 222, 239, 97, 177, 88, 172, 195, 144, 108, 83, 91, 161, 64, 27, 170, 123, 244, 247, 233, 239, 211, 208, 64, 0, 

HS(8,7)
Compressed data: 152, 128, 63, 128, 63, 128, 63, 128, 63, 128, 63, 128, 63, 128, 63, 128, 40, 192, 0, 
Polled: 19

Compressed data: 158, 75, 236, 150, 155, 180, 248, 10, 24, 8, 10, 65, 105, 178, 79, 107, 146, 43, 29, 190, 217, 108, 176, 220, 46, 118, 90, 252, 202, 185, 34, 144, 88, 237, 150, 27, 157, 206, 123, 120, 183, 94, 102, 147, 89, 165, 230, 243, 120, 183, 92, 111, 19, 91, 44, 220, 16, 14, 233, 117, 156, 206, 47, 22, 123, 44, 230, 225, 100, 180, 88, 108, 147, 91, 140, 206, 237, 100, 177, 217, 172, 246, 137, 152, 0, 36, 226, 213, 117, 188, 88, 237, 211, 155, 181, 146, 201, 54, 183, 91, 102, 115, 59, 29, 142, 199, 110, 187, 217, 46, 83, 121, 205, 138, 199, 118, 177, 221, 44, 151, 107, 36, 206, 235, 115, 187, 78, 110, 54, 171, 93, 234, 107, 107, 154, 93, 102, 215, 107, 165, 162, 195, 107, 155, 92, 110, 151, 123, 197, 170, 239, 119, 176, 216, 172, 86, 107, 116, 230, 197, 53, 186, 76, 238, 215, 91, 60, 206, 241, 99, 181, 92, 46, 19, 91, 92, 226, 199, 120, 182, 216, 239, 19, 75, 36, 226, 199, 112, 154, 221, 109, 179, 105, 165, 182, 105, 107, 180, 88, 110, 183, 43, 52, 218, 233, 122, 184, 222, 102, 119, 123, 181, 206, 221, 122, 177, 77, 236, 55, 137, 173, 194, 241, 50, 176, 221, 174, 86, 91, 173, 134, 205, 53, 181, 93, 238, 151, 105, 156, 226, 101, 118, 187, 90, 44, 150, 59, 12, 218, 221, 55, 189, 77, 166, 87, 155, 137, 252, 21, 170, 111, 56, 186, 217, 102, 211, 107, 93, 198, 113, 113, 189, 88, 172, 54, 219, 59, 176, 60, 128, 16, 34, 211, 110, 174, 72, 167, 211, 203, 37, 166, 236, 251, 13, 92, 145, 92, 44, 54, 235, 45, 178, 91, 98, 183, 217, 47, 50, 11, 133, 134, 91, 49, 154, 135, 193, 83, 45, 247, 43, 45, 182, 65, 105, 184, 92, 238, 182, 217, 5, 146, 223, 108, 183, 220, 164, 23, 59, 77, 210, 65, 97, 182, 217, 110, 146, 201, 5, 150, 230, 9, 5, 102, 179, 89, 110, 87, 73, 5, 190, 199, 117, 185, 92, 172, 183, 43, 45, 210, 65, 99, 186, 203, 36, 23, 59, 45, 146, 65, 110, 178, 200, 45, 247, 43, 13, 210, 211, 111, 144, 89, 44, 182, 203, 45, 184, 104, 10, 231, 101, 183, 92, 236, 183, 43, 77, 210, 93, 38, 183, 88, 174, 119, 9, 220, 242, 94, 122, 5, 62, 2, 134, 66, 131, 180, 217, 16, 64, 147, 161, 235, 243, 42, 228, 137, 46, 57, 131, 196, 60, 90, 103, 50, 154, 76, 164, 11, 229, 23, 139, 117, 230, 105, 53, 154, 94, 111, 55, 139, 117, 198, 241, 53, 178, 205, 193, 0, 238, 151, 89, 204, 226, 241, 103, 178, 206, 110, 22, 75, 69, 134, 201, 53, 184, 204, 238, 214, 75, 29, 154, 207, 104, 153, 128, 2, 78, 45, 87, 91, 197, 142, 221, 57, 187, 89, 44, 147, 107, 117, 182, 103, 51, 177, 216, 236, 118, 235, 189, 146, 229, 55, 156, 216, 172, 119, 107, 29, 210, 201, 118, 178, 76, 238, 183, 59, 180, 230, 227, 106, 181, 222, 166, 182, 185, 165, 214, 109, 118, 186, 90, 44, 54, 185, 181, 198, 233, 119, 188, 90, 174, 247, 123, 13, 138, 197, 102, 183, 78, 108, 83, 91, 164, 206, 237, 117, 79, 127, 79, 96, 128, 0, 
Polled: 581
